solid surface_model
  facet normal -2.672612e-01 -5.345225e-01 -8.017837e-01
    outer loop
      vertex 1.421015e+00 1.421015e+00 3.126233e+00
      vertex 8.526090e-01 8.526090e-01 3.694639e+00
      vertex 2.842030e-01 1.989421e+00 3.126233e+00
    endloop
  endfacet
  facet normal -3.333333e-01 -6.666667e-01 -6.666667e-01
    outer loop
      vertex 1.421015e+00 1.421015e+00 3.126233e+00
      vertex 2.842030e-01 1.989421e+00 3.126233e+00
      vertex 2.842030e-01 2.557827e+00 2.557827e+00
    endloop
  endfacet
  facet normal 6.666667e-01 3.333333e-01 -6.666667e-01
    outer loop
      vertex 1.421015e+00 1.421015e+00 3.126233e+00
      vertex 2.842030e-01 2.557827e+00 2.557827e+00
      vertex 8.526090e-01 2.557827e+00 3.126233e+00
    endloop
  endfacet
  facet normal 5.345225e-01 2.672612e-01 -8.017837e-01
    outer loop
      vertex 1.421015e+00 1.421015e+00 3.126233e+00
      vertex 8.526090e-01 2.557827e+00 3.126233e+00
      vertex 1.989421e+00 1.989421e+00 3.694639e+00
    endloop
  endfacet
  facet normal 2.672612e-01 5.345225e-01 -8.017837e-01
    outer loop
      vertex 1.421015e+00 1.421015e+00 3.126233e+00
      vertex 1.989421e+00 1.989421e+00 3.694639e+00
      vertex 2.557827e+00 8.526090e-01 3.126233e+00
    endloop
  endfacet
  facet normal 3.333333e-01 6.666667e-01 -6.666667e-01
    outer loop
      vertex 1.421015e+00 1.421015e+00 3.126233e+00
      vertex 2.557827e+00 8.526090e-01 3.126233e+00
      vertex 2.557827e+00 2.842030e-01 2.557827e+00
    endloop
  endfacet
  facet normal -6.666667e-01 -3.333333e-01 -6.666667e-01
    outer loop
      vertex 1.421015e+00 1.421015e+00 3.126233e+00
      vertex 2.557827e+00 2.842030e-01 2.557827e+00
      vertex 1.989421e+00 2.842030e-01 3.126233e+00
    endloop
  endfacet
  facet normal -5.345225e-01 -2.672612e-01 -8.017837e-01
    outer loop
      vertex 1.421015e+00 1.421015e+00 3.126233e+00
      vertex 1.989421e+00 2.842030e-01 3.126233e+00
      vertex 8.526090e-01 8.526090e-01 3.694639e+00
    endloop
  endfacet
  facet normal -8.017837e-01 -5.345225e-01 -2.672612e-01
    outer loop
      vertex 2.842030e-01 1.421015e+00 4.263045e+00
      vertex 2.842030e-01 1.989421e+00 3.126233e+00
      vertex 8.526090e-01 8.526090e-01 3.694639e+00
    endloop
  endfacet
  facet normal -8.017837e-01 -2.672612e-01 -5.345225e-01
    outer loop
      vertex 2.842030e-01 1.421015e+00 4.263045e+00
      vertex 8.526090e-01 8.526090e-01 3.694639e+00
      vertex 2.842030e-01 2.842030e-01 4.831451e+00
    endloop
  endfacet
  facet normal -6.666667e-01 -3.333333e-01 -6.666667e-01
    outer loop
      vertex 2.842030e-01 1.421015e+00 4.263045e+00
      vertex 2.842030e-01 2.842030e-01 4.831451e+00
      vertex -2.842030e-01 2.842030e-01 5.399857e+00
    endloop
  endfacet
  facet normal -6.666667e-01 6.666667e-01 3.333333e-01
    outer loop
      vertex 2.842030e-01 1.421015e+00 4.263045e+00
      vertex -2.842030e-01 2.842030e-01 5.399857e+00
      vertex 2.842030e-01 8.526090e-01 5.399857e+00
    endloop
  endfacet
  facet normal -8.017837e-01 5.345225e-01 2.672612e-01
    outer loop
      vertex 2.842030e-01 1.421015e+00 4.263045e+00
      vertex 2.842030e-01 8.526090e-01 5.399857e+00
      vertex 8.526090e-01 1.989421e+00 4.831451e+00
    endloop
  endfacet
  facet normal -8.017837e-01 2.672612e-01 5.345225e-01
    outer loop
      vertex 2.842030e-01 1.421015e+00 4.263045e+00
      vertex 8.526090e-01 1.989421e+00 4.831451e+00
      vertex 2.842030e-01 2.557827e+00 3.694639e+00
    endloop
  endfacet
  facet normal -6.666667e-01 3.333333e-01 6.666667e-01
    outer loop
      vertex 2.842030e-01 1.421015e+00 4.263045e+00
      vertex 2.842030e-01 2.557827e+00 3.694639e+00
      vertex -2.842030e-01 2.557827e+00 3.126233e+00
    endloop
  endfacet
  facet normal -6.666667e-01 -6.666667e-01 -3.333333e-01
    outer loop
      vertex 2.842030e-01 1.421015e+00 4.263045e+00
      vertex -2.842030e-01 2.557827e+00 3.126233e+00
      vertex 2.842030e-01 1.989421e+00 3.126233e+00
    endloop
  endfacet
  facet normal -5.345225e-01 -8.017837e-01 -2.672612e-01
    outer loop
      vertex 1.421015e+00 2.842030e-01 4.263045e+00
      vertex 8.526090e-01 8.526090e-01 3.694639e+00
      vertex 1.989421e+00 2.842030e-01 3.126233e+00
    endloop
  endfacet
  facet normal -6.666667e-01 -6.666667e-01 -3.333333e-01
    outer loop
      vertex 1.421015e+00 2.842030e-01 4.263045e+00
      vertex 1.989421e+00 2.842030e-01 3.126233e+00
      vertex 2.557827e+00 -2.842030e-01 3.126233e+00
    endloop
  endfacet
  facet normal 3.333333e-01 -6.666667e-01 6.666667e-01
    outer loop
      vertex 1.421015e+00 2.842030e-01 4.263045e+00
      vertex 2.557827e+00 -2.842030e-01 3.126233e+00
      vertex 2.557827e+00 2.842030e-01 3.694639e+00
    endloop
  endfacet
  facet normal 2.672612e-01 -8.017837e-01 5.345225e-01
    outer loop
      vertex 1.421015e+00 2.842030e-01 4.263045e+00
      vertex 2.557827e+00 2.842030e-01 3.694639e+00
      vertex 1.989421e+00 8.526090e-01 4.831451e+00
    endloop
  endfacet
  facet normal 5.345225e-01 -8.017837e-01 2.672612e-01
    outer loop
      vertex 1.421015e+00 2.842030e-01 4.263045e+00
      vertex 1.989421e+00 8.526090e-01 4.831451e+00
      vertex 8.526090e-01 2.842030e-01 5.399857e+00
    endloop
  endfacet
  facet normal 6.666667e-01 -6.666667e-01 3.333333e-01
    outer loop
      vertex 1.421015e+00 2.842030e-01 4.263045e+00
      vertex 8.526090e-01 2.842030e-01 5.399857e+00
      vertex 2.842030e-01 -2.842030e-01 5.399857e+00
    endloop
  endfacet
  facet normal -3.333333e-01 -6.666667e-01 -6.666667e-01
    outer loop
      vertex 1.421015e+00 2.842030e-01 4.263045e+00
      vertex 2.842030e-01 -2.842030e-01 5.399857e+00
      vertex 2.842030e-01 2.842030e-01 4.831451e+00
    endloop
  endfacet
  facet normal -2.672612e-01 -8.017837e-01 -5.345225e-01
    outer loop
      vertex 1.421015e+00 2.842030e-01 4.263045e+00
      vertex 2.842030e-01 2.842030e-01 4.831451e+00
      vertex 8.526090e-01 8.526090e-01 3.694639e+00
    endloop
  endfacet
  facet normal -8.017837e-01 -2.672612e-01 -5.345225e-01
    outer loop
      vertex 2.842030e-01 4.263045e+00 1.421015e+00
      vertex 8.526090e-01 3.694639e+00 8.526090e-01
      vertex 2.842030e-01 3.126233e+00 1.989421e+00
    endloop
  endfacet
  facet normal -6.666667e-01 -3.333333e-01 -6.666667e-01
    outer loop
      vertex 2.842030e-01 4.263045e+00 1.421015e+00
      vertex 2.842030e-01 3.126233e+00 1.989421e+00
      vertex -2.842030e-01 3.126233e+00 2.557827e+00
    endloop
  endfacet
  facet normal -6.666667e-01 6.666667e-01 3.333333e-01
    outer loop
      vertex 2.842030e-01 4.263045e+00 1.421015e+00
      vertex -2.842030e-01 3.126233e+00 2.557827e+00
      vertex 2.842030e-01 3.694639e+00 2.557827e+00
    endloop
  endfacet
  facet normal -8.017837e-01 5.345225e-01 2.672612e-01
    outer loop
      vertex 2.842030e-01 4.263045e+00 1.421015e+00
      vertex 2.842030e-01 3.694639e+00 2.557827e+00
      vertex 8.526090e-01 4.831451e+00 1.989421e+00
    endloop
  endfacet
  facet normal -8.017837e-01 2.672612e-01 5.345225e-01
    outer loop
      vertex 2.842030e-01 4.263045e+00 1.421015e+00
      vertex 8.526090e-01 4.831451e+00 1.989421e+00
      vertex 2.842030e-01 5.399857e+00 8.526090e-01
    endloop
  endfacet
  facet normal -6.666667e-01 3.333333e-01 6.666667e-01
    outer loop
      vertex 2.842030e-01 4.263045e+00 1.421015e+00
      vertex 2.842030e-01 5.399857e+00 8.526090e-01
      vertex -2.842030e-01 5.399857e+00 2.842030e-01
    endloop
  endfacet
  facet normal -6.666667e-01 -6.666667e-01 -3.333333e-01
    outer loop
      vertex 2.842030e-01 4.263045e+00 1.421015e+00
      vertex -2.842030e-01 5.399857e+00 2.842030e-01
      vertex 2.842030e-01 4.831451e+00 2.842030e-01
    endloop
  endfacet
  facet normal -8.017837e-01 -5.345225e-01 -2.672612e-01
    outer loop
      vertex 2.842030e-01 4.263045e+00 1.421015e+00
      vertex 2.842030e-01 4.831451e+00 2.842030e-01
      vertex 8.526090e-01 3.694639e+00 8.526090e-01
    endloop
  endfacet
  facet normal -2.672612e-01 -8.017837e-01 -5.345225e-01
    outer loop
      vertex 1.421015e+00 3.126233e+00 1.421015e+00
      vertex 2.842030e-01 3.126233e+00 1.989421e+00
      vertex 8.526090e-01 3.694639e+00 8.526090e-01
    endloop
  endfacet
  facet normal -5.345225e-01 -8.017837e-01 -2.672612e-01
    outer loop
      vertex 1.421015e+00 3.126233e+00 1.421015e+00
      vertex 8.526090e-01 3.694639e+00 8.526090e-01
      vertex 1.989421e+00 3.126233e+00 2.842030e-01
    endloop
  endfacet
  facet normal -6.666667e-01 -6.666667e-01 -3.333333e-01
    outer loop
      vertex 1.421015e+00 3.126233e+00 1.421015e+00
      vertex 1.989421e+00 3.126233e+00 2.842030e-01
      vertex 2.557827e+00 2.557827e+00 2.842030e-01
    endloop
  endfacet
  facet normal 3.333333e-01 -6.666667e-01 6.666667e-01
    outer loop
      vertex 1.421015e+00 3.126233e+00 1.421015e+00
      vertex 2.557827e+00 2.557827e+00 2.842030e-01
      vertex 2.557827e+00 3.126233e+00 8.526090e-01
    endloop
  endfacet
  facet normal 2.672612e-01 -8.017837e-01 5.345225e-01
    outer loop
      vertex 1.421015e+00 3.126233e+00 1.421015e+00
      vertex 2.557827e+00 3.126233e+00 8.526090e-01
      vertex 1.989421e+00 3.694639e+00 1.989421e+00
    endloop
  endfacet
  facet normal 5.345225e-01 -8.017837e-01 2.672612e-01
    outer loop
      vertex 1.421015e+00 3.126233e+00 1.421015e+00
      vertex 1.989421e+00 3.694639e+00 1.989421e+00
      vertex 8.526090e-01 3.126233e+00 2.557827e+00
    endloop
  endfacet
  facet normal 6.666667e-01 -6.666667e-01 3.333333e-01
    outer loop
      vertex 1.421015e+00 3.126233e+00 1.421015e+00
      vertex 8.526090e-01 3.126233e+00 2.557827e+00
      vertex 2.842030e-01 2.557827e+00 2.557827e+00
    endloop
  endfacet
  facet normal -3.333333e-01 -6.666667e-01 -6.666667e-01
    outer loop
      vertex 1.421015e+00 3.126233e+00 1.421015e+00
      vertex 2.842030e-01 2.557827e+00 2.557827e+00
      vertex 2.842030e-01 3.126233e+00 1.989421e+00
    endloop
  endfacet
  facet normal -5.345225e-01 -2.672612e-01 -8.017837e-01
    outer loop
      vertex 1.421015e+00 4.263045e+00 2.842030e-01
      vertex 1.989421e+00 3.126233e+00 2.842030e-01
      vertex 8.526090e-01 3.694639e+00 8.526090e-01
    endloop
  endfacet
  facet normal -2.672612e-01 -5.345225e-01 -8.017837e-01
    outer loop
      vertex 1.421015e+00 4.263045e+00 2.842030e-01
      vertex 8.526090e-01 3.694639e+00 8.526090e-01
      vertex 2.842030e-01 4.831451e+00 2.842030e-01
    endloop
  endfacet
  facet normal -3.333333e-01 -6.666667e-01 -6.666667e-01
    outer loop
      vertex 1.421015e+00 4.263045e+00 2.842030e-01
      vertex 2.842030e-01 4.831451e+00 2.842030e-01
      vertex 2.842030e-01 5.399857e+00 -2.842030e-01
    endloop
  endfacet
  facet normal 6.666667e-01 3.333333e-01 -6.666667e-01
    outer loop
      vertex 1.421015e+00 4.263045e+00 2.842030e-01
      vertex 2.842030e-01 5.399857e+00 -2.842030e-01
      vertex 8.526090e-01 5.399857e+00 2.842030e-01
    endloop
  endfacet
  facet normal 5.345225e-01 2.672612e-01 -8.017837e-01
    outer loop
      vertex 1.421015e+00 4.263045e+00 2.842030e-01
      vertex 8.526090e-01 5.399857e+00 2.842030e-01
      vertex 1.989421e+00 4.831451e+00 8.526090e-01
    endloop
  endfacet
  facet normal 2.672612e-01 5.345225e-01 -8.017837e-01
    outer loop
      vertex 1.421015e+00 4.263045e+00 2.842030e-01
      vertex 1.989421e+00 4.831451e+00 8.526090e-01
      vertex 2.557827e+00 3.694639e+00 2.842030e-01
    endloop
  endfacet
  facet normal 3.333333e-01 6.666667e-01 -6.666667e-01
    outer loop
      vertex 1.421015e+00 4.263045e+00 2.842030e-01
      vertex 2.557827e+00 3.694639e+00 2.842030e-01
      vertex 2.557827e+00 3.126233e+00 -2.842030e-01
    endloop
  endfacet
  facet normal -6.666667e-01 -3.333333e-01 -6.666667e-01
    outer loop
      vertex 1.421015e+00 4.263045e+00 2.842030e-01
      vertex 2.557827e+00 3.126233e+00 -2.842030e-01
      vertex 1.989421e+00 3.126233e+00 2.842030e-01
    endloop
  endfacet
  facet normal -8.017837e-01 -2.672612e-01 -5.345225e-01
    outer loop
      vertex 3.126233e+00 1.421015e+00 1.421015e+00
      vertex 3.694639e+00 8.526090e-01 8.526090e-01
      vertex 3.126233e+00 2.842030e-01 1.989421e+00
    endloop
  endfacet
  facet normal -6.666667e-01 -3.333333e-01 -6.666667e-01
    outer loop
      vertex 3.126233e+00 1.421015e+00 1.421015e+00
      vertex 3.126233e+00 2.842030e-01 1.989421e+00
      vertex 2.557827e+00 2.842030e-01 2.557827e+00
    endloop
  endfacet
  facet normal -6.666667e-01 6.666667e-01 3.333333e-01
    outer loop
      vertex 3.126233e+00 1.421015e+00 1.421015e+00
      vertex 2.557827e+00 2.842030e-01 2.557827e+00
      vertex 3.126233e+00 8.526090e-01 2.557827e+00
    endloop
  endfacet
  facet normal -8.017837e-01 5.345225e-01 2.672612e-01
    outer loop
      vertex 3.126233e+00 1.421015e+00 1.421015e+00
      vertex 3.126233e+00 8.526090e-01 2.557827e+00
      vertex 3.694639e+00 1.989421e+00 1.989421e+00
    endloop
  endfacet
  facet normal -8.017837e-01 2.672612e-01 5.345225e-01
    outer loop
      vertex 3.126233e+00 1.421015e+00 1.421015e+00
      vertex 3.694639e+00 1.989421e+00 1.989421e+00
      vertex 3.126233e+00 2.557827e+00 8.526090e-01
    endloop
  endfacet
  facet normal -6.666667e-01 3.333333e-01 6.666667e-01
    outer loop
      vertex 3.126233e+00 1.421015e+00 1.421015e+00
      vertex 3.126233e+00 2.557827e+00 8.526090e-01
      vertex 2.557827e+00 2.557827e+00 2.842030e-01
    endloop
  endfacet
  facet normal -6.666667e-01 -6.666667e-01 -3.333333e-01
    outer loop
      vertex 3.126233e+00 1.421015e+00 1.421015e+00
      vertex 2.557827e+00 2.557827e+00 2.842030e-01
      vertex 3.126233e+00 1.989421e+00 2.842030e-01
    endloop
  endfacet
  facet normal -8.017837e-01 -5.345225e-01 -2.672612e-01
    outer loop
      vertex 3.126233e+00 1.421015e+00 1.421015e+00
      vertex 3.126233e+00 1.989421e+00 2.842030e-01
      vertex 3.694639e+00 8.526090e-01 8.526090e-01
    endloop
  endfacet
  facet normal -2.672612e-01 -8.017837e-01 -5.345225e-01
    outer loop
      vertex 4.263045e+00 2.842030e-01 1.421015e+00
      vertex 3.126233e+00 2.842030e-01 1.989421e+00
      vertex 3.694639e+00 8.526090e-01 8.526090e-01
    endloop
  endfacet
  facet normal -5.345225e-01 -8.017837e-01 -2.672612e-01
    outer loop
      vertex 4.263045e+00 2.842030e-01 1.421015e+00
      vertex 3.694639e+00 8.526090e-01 8.526090e-01
      vertex 4.831451e+00 2.842030e-01 2.842030e-01
    endloop
  endfacet
  facet normal -6.666667e-01 -6.666667e-01 -3.333333e-01
    outer loop
      vertex 4.263045e+00 2.842030e-01 1.421015e+00
      vertex 4.831451e+00 2.842030e-01 2.842030e-01
      vertex 5.399857e+00 -2.842030e-01 2.842030e-01
    endloop
  endfacet
  facet normal 3.333333e-01 -6.666667e-01 6.666667e-01
    outer loop
      vertex 4.263045e+00 2.842030e-01 1.421015e+00
      vertex 5.399857e+00 -2.842030e-01 2.842030e-01
      vertex 5.399857e+00 2.842030e-01 8.526090e-01
    endloop
  endfacet
  facet normal 2.672612e-01 -8.017837e-01 5.345225e-01
    outer loop
      vertex 4.263045e+00 2.842030e-01 1.421015e+00
      vertex 5.399857e+00 2.842030e-01 8.526090e-01
      vertex 4.831451e+00 8.526090e-01 1.989421e+00
    endloop
  endfacet
  facet normal 5.345225e-01 -8.017837e-01 2.672612e-01
    outer loop
      vertex 4.263045e+00 2.842030e-01 1.421015e+00
      vertex 4.831451e+00 8.526090e-01 1.989421e+00
      vertex 3.694639e+00 2.842030e-01 2.557827e+00
    endloop
  endfacet
  facet normal 6.666667e-01 -6.666667e-01 3.333333e-01
    outer loop
      vertex 4.263045e+00 2.842030e-01 1.421015e+00
      vertex 3.694639e+00 2.842030e-01 2.557827e+00
      vertex 3.126233e+00 -2.842030e-01 2.557827e+00
    endloop
  endfacet
  facet normal -3.333333e-01 -6.666667e-01 -6.666667e-01
    outer loop
      vertex 4.263045e+00 2.842030e-01 1.421015e+00
      vertex 3.126233e+00 -2.842030e-01 2.557827e+00
      vertex 3.126233e+00 2.842030e-01 1.989421e+00
    endloop
  endfacet
  facet normal -2.672612e-01 -5.345225e-01 -8.017837e-01
    outer loop
      vertex 4.263045e+00 1.421015e+00 2.842030e-01
      vertex 3.694639e+00 8.526090e-01 8.526090e-01
      vertex 3.126233e+00 1.989421e+00 2.842030e-01
    endloop
  endfacet
  facet normal -3.333333e-01 -6.666667e-01 -6.666667e-01
    outer loop
      vertex 4.263045e+00 1.421015e+00 2.842030e-01
      vertex 3.126233e+00 1.989421e+00 2.842030e-01
      vertex 3.126233e+00 2.557827e+00 -2.842030e-01
    endloop
  endfacet
  facet normal 6.666667e-01 3.333333e-01 -6.666667e-01
    outer loop
      vertex 4.263045e+00 1.421015e+00 2.842030e-01
      vertex 3.126233e+00 2.557827e+00 -2.842030e-01
      vertex 3.694639e+00 2.557827e+00 2.842030e-01
    endloop
  endfacet
  facet normal 5.345225e-01 2.672612e-01 -8.017837e-01
    outer loop
      vertex 4.263045e+00 1.421015e+00 2.842030e-01
      vertex 3.694639e+00 2.557827e+00 2.842030e-01
      vertex 4.831451e+00 1.989421e+00 8.526090e-01
    endloop
  endfacet
  facet normal 2.672612e-01 5.345225e-01 -8.017837e-01
    outer loop
      vertex 4.263045e+00 1.421015e+00 2.842030e-01
      vertex 4.831451e+00 1.989421e+00 8.526090e-01
      vertex 5.399857e+00 8.526090e-01 2.842030e-01
    endloop
  endfacet
  facet normal 3.333333e-01 6.666667e-01 -6.666667e-01
    outer loop
      vertex 4.263045e+00 1.421015e+00 2.842030e-01
      vertex 5.399857e+00 8.526090e-01 2.842030e-01
      vertex 5.399857e+00 2.842030e-01 -2.842030e-01
    endloop
  endfacet
  facet normal -6.666667e-01 -3.333333e-01 -6.666667e-01
    outer loop
      vertex 4.263045e+00 1.421015e+00 2.842030e-01
      vertex 5.399857e+00 2.842030e-01 -2.842030e-01
      vertex 4.831451e+00 2.842030e-01 2.842030e-01
    endloop
  endfacet
  facet normal -5.345225e-01 -2.672612e-01 -8.017837e-01
    outer loop
      vertex 4.263045e+00 1.421015e+00 2.842030e-01
      vertex 4.831451e+00 2.842030e-01 2.842030e-01
      vertex 3.694639e+00 8.526090e-01 8.526090e-01
    endloop
  endfacet
  facet normal 5.345225e-01 8.017837e-01 -2.672612e-01
    outer loop
      vertex 1.421015e+00 2.557827e+00 4.263045e+00
      vertex 1.989421e+00 1.989421e+00 3.694639e+00
      vertex 8.526090e-01 2.557827e+00 3.126233e+00
    endloop
  endfacet
  facet normal 6.666667e-01 6.666667e-01 -3.333333e-01
    outer loop
      vertex 1.421015e+00 2.557827e+00 4.263045e+00
      vertex 8.526090e-01 2.557827e+00 3.126233e+00
      vertex 2.842030e-01 3.126233e+00 3.126233e+00
    endloop
  endfacet
  facet normal -3.333333e-01 6.666667e-01 6.666667e-01
    outer loop
      vertex 1.421015e+00 2.557827e+00 4.263045e+00
      vertex 2.842030e-01 3.126233e+00 3.126233e+00
      vertex 2.842030e-01 2.557827e+00 3.694639e+00
    endloop
  endfacet
  facet normal -2.672612e-01 8.017837e-01 5.345225e-01
    outer loop
      vertex 1.421015e+00 2.557827e+00 4.263045e+00
      vertex 2.842030e-01 2.557827e+00 3.694639e+00
      vertex 8.526090e-01 1.989421e+00 4.831451e+00
    endloop
  endfacet
  facet normal -5.345225e-01 8.017837e-01 2.672612e-01
    outer loop
      vertex 1.421015e+00 2.557827e+00 4.263045e+00
      vertex 8.526090e-01 1.989421e+00 4.831451e+00
      vertex 1.989421e+00 2.557827e+00 5.399857e+00
    endloop
  endfacet
  facet normal -6.666667e-01 6.666667e-01 3.333333e-01
    outer loop
      vertex 1.421015e+00 2.557827e+00 4.263045e+00
      vertex 1.989421e+00 2.557827e+00 5.399857e+00
      vertex 2.557827e+00 3.126233e+00 5.399857e+00
    endloop
  endfacet
  facet normal 3.333333e-01 6.666667e-01 -6.666667e-01
    outer loop
      vertex 1.421015e+00 2.557827e+00 4.263045e+00
      vertex 2.557827e+00 3.126233e+00 5.399857e+00
      vertex 2.557827e+00 2.557827e+00 4.831451e+00
    endloop
  endfacet
  facet normal 2.672612e-01 8.017837e-01 -5.345225e-01
    outer loop
      vertex 1.421015e+00 2.557827e+00 4.263045e+00
      vertex 2.557827e+00 2.557827e+00 4.831451e+00
      vertex 1.989421e+00 1.989421e+00 3.694639e+00
    endloop
  endfacet
  facet normal 8.017837e-01 5.345225e-01 -2.672612e-01
    outer loop
      vertex 2.557827e+00 1.421015e+00 4.263045e+00
      vertex 2.557827e+00 8.526090e-01 3.126233e+00
      vertex 1.989421e+00 1.989421e+00 3.694639e+00
    endloop
  endfacet
  facet normal 8.017837e-01 2.672612e-01 -5.345225e-01
    outer loop
      vertex 2.557827e+00 1.421015e+00 4.263045e+00
      vertex 1.989421e+00 1.989421e+00 3.694639e+00
      vertex 2.557827e+00 2.557827e+00 4.831451e+00
    endloop
  endfacet
  facet normal 6.666667e-01 3.333333e-01 -6.666667e-01
    outer loop
      vertex 2.557827e+00 1.421015e+00 4.263045e+00
      vertex 2.557827e+00 2.557827e+00 4.831451e+00
      vertex 3.126233e+00 2.557827e+00 5.399857e+00
    endloop
  endfacet
  facet normal 6.666667e-01 -6.666667e-01 3.333333e-01
    outer loop
      vertex 2.557827e+00 1.421015e+00 4.263045e+00
      vertex 3.126233e+00 2.557827e+00 5.399857e+00
      vertex 2.557827e+00 1.989421e+00 5.399857e+00
    endloop
  endfacet
  facet normal 8.017837e-01 -5.345225e-01 2.672612e-01
    outer loop
      vertex 2.557827e+00 1.421015e+00 4.263045e+00
      vertex 2.557827e+00 1.989421e+00 5.399857e+00
      vertex 1.989421e+00 8.526090e-01 4.831451e+00
    endloop
  endfacet
  facet normal 8.017837e-01 -2.672612e-01 5.345225e-01
    outer loop
      vertex 2.557827e+00 1.421015e+00 4.263045e+00
      vertex 1.989421e+00 8.526090e-01 4.831451e+00
      vertex 2.557827e+00 2.842030e-01 3.694639e+00
    endloop
  endfacet
  facet normal 6.666667e-01 -3.333333e-01 6.666667e-01
    outer loop
      vertex 2.557827e+00 1.421015e+00 4.263045e+00
      vertex 2.557827e+00 2.842030e-01 3.694639e+00
      vertex 3.126233e+00 2.842030e-01 3.126233e+00
    endloop
  endfacet
  facet normal 6.666667e-01 6.666667e-01 -3.333333e-01
    outer loop
      vertex 2.557827e+00 1.421015e+00 4.263045e+00
      vertex 3.126233e+00 2.842030e-01 3.126233e+00
      vertex 2.557827e+00 8.526090e-01 3.126233e+00
    endloop
  endfacet
  facet normal 5.345225e-01 -2.672612e-01 8.017837e-01
    outer loop
      vertex 1.421015e+00 4.263045e+00 2.557827e+00
      vertex 8.526090e-01 3.126233e+00 2.557827e+00
      vertex 1.989421e+00 3.694639e+00 1.989421e+00
    endloop
  endfacet
  facet normal 2.672612e-01 -5.345225e-01 8.017837e-01
    outer loop
      vertex 1.421015e+00 4.263045e+00 2.557827e+00
      vertex 1.989421e+00 3.694639e+00 1.989421e+00
      vertex 2.557827e+00 4.831451e+00 2.557827e+00
    endloop
  endfacet
  facet normal 3.333333e-01 -6.666667e-01 6.666667e-01
    outer loop
      vertex 1.421015e+00 4.263045e+00 2.557827e+00
      vertex 2.557827e+00 4.831451e+00 2.557827e+00
      vertex 2.557827e+00 5.399857e+00 3.126233e+00
    endloop
  endfacet
  facet normal -6.666667e-01 3.333333e-01 6.666667e-01
    outer loop
      vertex 1.421015e+00 4.263045e+00 2.557827e+00
      vertex 2.557827e+00 5.399857e+00 3.126233e+00
      vertex 1.989421e+00 5.399857e+00 2.557827e+00
    endloop
  endfacet
  facet normal -5.345225e-01 2.672612e-01 8.017837e-01
    outer loop
      vertex 1.421015e+00 4.263045e+00 2.557827e+00
      vertex 1.989421e+00 5.399857e+00 2.557827e+00
      vertex 8.526090e-01 4.831451e+00 1.989421e+00
    endloop
  endfacet
  facet normal -2.672612e-01 5.345225e-01 8.017837e-01
    outer loop
      vertex 1.421015e+00 4.263045e+00 2.557827e+00
      vertex 8.526090e-01 4.831451e+00 1.989421e+00
      vertex 2.842030e-01 3.694639e+00 2.557827e+00
    endloop
  endfacet
  facet normal -3.333333e-01 6.666667e-01 6.666667e-01
    outer loop
      vertex 1.421015e+00 4.263045e+00 2.557827e+00
      vertex 2.842030e-01 3.694639e+00 2.557827e+00
      vertex 2.842030e-01 3.126233e+00 3.126233e+00
    endloop
  endfacet
  facet normal 6.666667e-01 -3.333333e-01 6.666667e-01
    outer loop
      vertex 1.421015e+00 4.263045e+00 2.557827e+00
      vertex 2.842030e-01 3.126233e+00 3.126233e+00
      vertex 8.526090e-01 3.126233e+00 2.557827e+00
    endloop
  endfacet
  facet normal 8.017837e-01 -2.672612e-01 5.345225e-01
    outer loop
      vertex 2.557827e+00 4.263045e+00 1.421015e+00
      vertex 1.989421e+00 3.694639e+00 1.989421e+00
      vertex 2.557827e+00 3.126233e+00 8.526090e-01
    endloop
  endfacet
  facet normal 6.666667e-01 -3.333333e-01 6.666667e-01
    outer loop
      vertex 2.557827e+00 4.263045e+00 1.421015e+00
      vertex 2.557827e+00 3.126233e+00 8.526090e-01
      vertex 3.126233e+00 3.126233e+00 2.842030e-01
    endloop
  endfacet
  facet normal 6.666667e-01 6.666667e-01 -3.333333e-01
    outer loop
      vertex 2.557827e+00 4.263045e+00 1.421015e+00
      vertex 3.126233e+00 3.126233e+00 2.842030e-01
      vertex 2.557827e+00 3.694639e+00 2.842030e-01
    endloop
  endfacet
  facet normal 8.017837e-01 5.345225e-01 -2.672612e-01
    outer loop
      vertex 2.557827e+00 4.263045e+00 1.421015e+00
      vertex 2.557827e+00 3.694639e+00 2.842030e-01
      vertex 1.989421e+00 4.831451e+00 8.526090e-01
    endloop
  endfacet
  facet normal 8.017837e-01 2.672612e-01 -5.345225e-01
    outer loop
      vertex 2.557827e+00 4.263045e+00 1.421015e+00
      vertex 1.989421e+00 4.831451e+00 8.526090e-01
      vertex 2.557827e+00 5.399857e+00 1.989421e+00
    endloop
  endfacet
  facet normal 6.666667e-01 3.333333e-01 -6.666667e-01
    outer loop
      vertex 2.557827e+00 4.263045e+00 1.421015e+00
      vertex 2.557827e+00 5.399857e+00 1.989421e+00
      vertex 3.126233e+00 5.399857e+00 2.557827e+00
    endloop
  endfacet
  facet normal 6.666667e-01 -6.666667e-01 3.333333e-01
    outer loop
      vertex 2.557827e+00 4.263045e+00 1.421015e+00
      vertex 3.126233e+00 5.399857e+00 2.557827e+00
      vertex 2.557827e+00 4.831451e+00 2.557827e+00
    endloop
  endfacet
  facet normal 8.017837e-01 -5.345225e-01 2.672612e-01
    outer loop
      vertex 2.557827e+00 4.263045e+00 1.421015e+00
      vertex 2.557827e+00 4.831451e+00 2.557827e+00
      vertex 1.989421e+00 3.694639e+00 1.989421e+00
    endloop
  endfacet
  facet normal -2.672612e-01 5.345225e-01 8.017837e-01
    outer loop
      vertex 4.263045e+00 1.421015e+00 2.557827e+00
      vertex 3.694639e+00 1.989421e+00 1.989421e+00
      vertex 3.126233e+00 8.526090e-01 2.557827e+00
    endloop
  endfacet
  facet normal -3.333333e-01 6.666667e-01 6.666667e-01
    outer loop
      vertex 4.263045e+00 1.421015e+00 2.557827e+00
      vertex 3.126233e+00 8.526090e-01 2.557827e+00
      vertex 3.126233e+00 2.842030e-01 3.126233e+00
    endloop
  endfacet
  facet normal 6.666667e-01 -3.333333e-01 6.666667e-01
    outer loop
      vertex 4.263045e+00 1.421015e+00 2.557827e+00
      vertex 3.126233e+00 2.842030e-01 3.126233e+00
      vertex 3.694639e+00 2.842030e-01 2.557827e+00
    endloop
  endfacet
  facet normal 5.345225e-01 -2.672612e-01 8.017837e-01
    outer loop
      vertex 4.263045e+00 1.421015e+00 2.557827e+00
      vertex 3.694639e+00 2.842030e-01 2.557827e+00
      vertex 4.831451e+00 8.526090e-01 1.989421e+00
    endloop
  endfacet
  facet normal 2.672612e-01 -5.345225e-01 8.017837e-01
    outer loop
      vertex 4.263045e+00 1.421015e+00 2.557827e+00
      vertex 4.831451e+00 8.526090e-01 1.989421e+00
      vertex 5.399857e+00 1.989421e+00 2.557827e+00
    endloop
  endfacet
  facet normal 3.333333e-01 -6.666667e-01 6.666667e-01
    outer loop
      vertex 4.263045e+00 1.421015e+00 2.557827e+00
      vertex 5.399857e+00 1.989421e+00 2.557827e+00
      vertex 5.399857e+00 2.557827e+00 3.126233e+00
    endloop
  endfacet
  facet normal -6.666667e-01 3.333333e-01 6.666667e-01
    outer loop
      vertex 4.263045e+00 1.421015e+00 2.557827e+00
      vertex 5.399857e+00 2.557827e+00 3.126233e+00
      vertex 4.831451e+00 2.557827e+00 2.557827e+00
    endloop
  endfacet
  facet normal -5.345225e-01 2.672612e-01 8.017837e-01
    outer loop
      vertex 4.263045e+00 1.421015e+00 2.557827e+00
      vertex 4.831451e+00 2.557827e+00 2.557827e+00
      vertex 3.694639e+00 1.989421e+00 1.989421e+00
    endloop
  endfacet
  facet normal -2.672612e-01 8.017837e-01 5.345225e-01
    outer loop
      vertex 4.263045e+00 2.557827e+00 1.421015e+00
      vertex 3.126233e+00 2.557827e+00 8.526090e-01
      vertex 3.694639e+00 1.989421e+00 1.989421e+00
    endloop
  endfacet
  facet normal -5.345225e-01 8.017837e-01 2.672612e-01
    outer loop
      vertex 4.263045e+00 2.557827e+00 1.421015e+00
      vertex 3.694639e+00 1.989421e+00 1.989421e+00
      vertex 4.831451e+00 2.557827e+00 2.557827e+00
    endloop
  endfacet
  facet normal -6.666667e-01 6.666667e-01 3.333333e-01
    outer loop
      vertex 4.263045e+00 2.557827e+00 1.421015e+00
      vertex 4.831451e+00 2.557827e+00 2.557827e+00
      vertex 5.399857e+00 3.126233e+00 2.557827e+00
    endloop
  endfacet
  facet normal 3.333333e-01 6.666667e-01 -6.666667e-01
    outer loop
      vertex 4.263045e+00 2.557827e+00 1.421015e+00
      vertex 5.399857e+00 3.126233e+00 2.557827e+00
      vertex 5.399857e+00 2.557827e+00 1.989421e+00
    endloop
  endfacet
  facet normal 2.672612e-01 8.017837e-01 -5.345225e-01
    outer loop
      vertex 4.263045e+00 2.557827e+00 1.421015e+00
      vertex 5.399857e+00 2.557827e+00 1.989421e+00
      vertex 4.831451e+00 1.989421e+00 8.526090e-01
    endloop
  endfacet
  facet normal 5.345225e-01 8.017837e-01 -2.672612e-01
    outer loop
      vertex 4.263045e+00 2.557827e+00 1.421015e+00
      vertex 4.831451e+00 1.989421e+00 8.526090e-01
      vertex 3.694639e+00 2.557827e+00 2.842030e-01
    endloop
  endfacet
  facet normal 6.666667e-01 6.666667e-01 -3.333333e-01
    outer loop
      vertex 4.263045e+00 2.557827e+00 1.421015e+00
      vertex 3.694639e+00 2.557827e+00 2.842030e-01
      vertex 3.126233e+00 3.126233e+00 2.842030e-01
    endloop
  endfacet
  facet normal -3.333333e-01 6.666667e-01 6.666667e-01
    outer loop
      vertex 4.263045e+00 2.557827e+00 1.421015e+00
      vertex 3.126233e+00 3.126233e+00 2.842030e-01
      vertex 3.126233e+00 2.557827e+00 8.526090e-01
    endloop
  endfacet
  facet normal -2.672612e-01 5.345225e-01 8.017837e-01
    outer loop
      vertex 1.421015e+00 1.421015e+00 5.399857e+00
      vertex 8.526090e-01 1.989421e+00 4.831451e+00
      vertex 2.842030e-01 8.526090e-01 5.399857e+00
    endloop
  endfacet
  facet normal -3.333333e-01 6.666667e-01 6.666667e-01
    outer loop
      vertex 1.421015e+00 1.421015e+00 5.399857e+00
      vertex 2.842030e-01 8.526090e-01 5.399857e+00
      vertex 2.842030e-01 2.842030e-01 5.968263e+00
    endloop
  endfacet
  facet normal 6.666667e-01 -3.333333e-01 6.666667e-01
    outer loop
      vertex 1.421015e+00 1.421015e+00 5.399857e+00
      vertex 2.842030e-01 2.842030e-01 5.968263e+00
      vertex 8.526090e-01 2.842030e-01 5.399857e+00
    endloop
  endfacet
  facet normal 5.345225e-01 -2.672612e-01 8.017837e-01
    outer loop
      vertex 1.421015e+00 1.421015e+00 5.399857e+00
      vertex 8.526090e-01 2.842030e-01 5.399857e+00
      vertex 1.989421e+00 8.526090e-01 4.831451e+00
    endloop
  endfacet
  facet normal 2.672612e-01 -5.345225e-01 8.017837e-01
    outer loop
      vertex 1.421015e+00 1.421015e+00 5.399857e+00
      vertex 1.989421e+00 8.526090e-01 4.831451e+00
      vertex 2.557827e+00 1.989421e+00 5.399857e+00
    endloop
  endfacet
  facet normal 3.333333e-01 -6.666667e-01 6.666667e-01
    outer loop
      vertex 1.421015e+00 1.421015e+00 5.399857e+00
      vertex 2.557827e+00 1.989421e+00 5.399857e+00
      vertex 2.557827e+00 2.557827e+00 5.968263e+00
    endloop
  endfacet
  facet normal -6.666667e-01 3.333333e-01 6.666667e-01
    outer loop
      vertex 1.421015e+00 1.421015e+00 5.399857e+00
      vertex 2.557827e+00 2.557827e+00 5.968263e+00
      vertex 1.989421e+00 2.557827e+00 5.399857e+00
    endloop
  endfacet
  facet normal -5.345225e-01 2.672612e-01 8.017837e-01
    outer loop
      vertex 1.421015e+00 1.421015e+00 5.399857e+00
      vertex 1.989421e+00 2.557827e+00 5.399857e+00
      vertex 8.526090e-01 1.989421e+00 4.831451e+00
    endloop
  endfacet
  facet normal -2.672612e-01 8.017837e-01 5.345225e-01
    outer loop
      vertex 1.421015e+00 5.399857e+00 1.421015e+00
      vertex 2.842030e-01 5.399857e+00 8.526090e-01
      vertex 8.526090e-01 4.831451e+00 1.989421e+00
    endloop
  endfacet
  facet normal -5.345225e-01 8.017837e-01 2.672612e-01
    outer loop
      vertex 1.421015e+00 5.399857e+00 1.421015e+00
      vertex 8.526090e-01 4.831451e+00 1.989421e+00
      vertex 1.989421e+00 5.399857e+00 2.557827e+00
    endloop
  endfacet
  facet normal -6.666667e-01 6.666667e-01 3.333333e-01
    outer loop
      vertex 1.421015e+00 5.399857e+00 1.421015e+00
      vertex 1.989421e+00 5.399857e+00 2.557827e+00
      vertex 2.557827e+00 5.968263e+00 2.557827e+00
    endloop
  endfacet
  facet normal 3.333333e-01 6.666667e-01 -6.666667e-01
    outer loop
      vertex 1.421015e+00 5.399857e+00 1.421015e+00
      vertex 2.557827e+00 5.968263e+00 2.557827e+00
      vertex 2.557827e+00 5.399857e+00 1.989421e+00
    endloop
  endfacet
  facet normal 2.672612e-01 8.017837e-01 -5.345225e-01
    outer loop
      vertex 1.421015e+00 5.399857e+00 1.421015e+00
      vertex 2.557827e+00 5.399857e+00 1.989421e+00
      vertex 1.989421e+00 4.831451e+00 8.526090e-01
    endloop
  endfacet
  facet normal 5.345225e-01 8.017837e-01 -2.672612e-01
    outer loop
      vertex 1.421015e+00 5.399857e+00 1.421015e+00
      vertex 1.989421e+00 4.831451e+00 8.526090e-01
      vertex 8.526090e-01 5.399857e+00 2.842030e-01
    endloop
  endfacet
  facet normal 6.666667e-01 6.666667e-01 -3.333333e-01
    outer loop
      vertex 1.421015e+00 5.399857e+00 1.421015e+00
      vertex 8.526090e-01 5.399857e+00 2.842030e-01
      vertex 2.842030e-01 5.968263e+00 2.842030e-01
    endloop
  endfacet
  facet normal -3.333333e-01 6.666667e-01 6.666667e-01
    outer loop
      vertex 1.421015e+00 5.399857e+00 1.421015e+00
      vertex 2.842030e-01 5.968263e+00 2.842030e-01
      vertex 2.842030e-01 5.399857e+00 8.526090e-01
    endloop
  endfacet
  facet normal 8.017837e-01 -2.672612e-01 5.345225e-01
    outer loop
      vertex 5.399857e+00 1.421015e+00 1.421015e+00
      vertex 4.831451e+00 8.526090e-01 1.989421e+00
      vertex 5.399857e+00 2.842030e-01 8.526090e-01
    endloop
  endfacet
  facet normal 6.666667e-01 -3.333333e-01 6.666667e-01
    outer loop
      vertex 5.399857e+00 1.421015e+00 1.421015e+00
      vertex 5.399857e+00 2.842030e-01 8.526090e-01
      vertex 5.968263e+00 2.842030e-01 2.842030e-01
    endloop
  endfacet
  facet normal 6.666667e-01 6.666667e-01 -3.333333e-01
    outer loop
      vertex 5.399857e+00 1.421015e+00 1.421015e+00
      vertex 5.968263e+00 2.842030e-01 2.842030e-01
      vertex 5.399857e+00 8.526090e-01 2.842030e-01
    endloop
  endfacet
  facet normal 8.017837e-01 5.345225e-01 -2.672612e-01
    outer loop
      vertex 5.399857e+00 1.421015e+00 1.421015e+00
      vertex 5.399857e+00 8.526090e-01 2.842030e-01
      vertex 4.831451e+00 1.989421e+00 8.526090e-01
    endloop
  endfacet
  facet normal 8.017837e-01 2.672612e-01 -5.345225e-01
    outer loop
      vertex 5.399857e+00 1.421015e+00 1.421015e+00
      vertex 4.831451e+00 1.989421e+00 8.526090e-01
      vertex 5.399857e+00 2.557827e+00 1.989421e+00
    endloop
  endfacet
  facet normal 6.666667e-01 3.333333e-01 -6.666667e-01
    outer loop
      vertex 5.399857e+00 1.421015e+00 1.421015e+00
      vertex 5.399857e+00 2.557827e+00 1.989421e+00
      vertex 5.968263e+00 2.557827e+00 2.557827e+00
    endloop
  endfacet
  facet normal 6.666667e-01 -6.666667e-01 3.333333e-01
    outer loop
      vertex 5.399857e+00 1.421015e+00 1.421015e+00
      vertex 5.968263e+00 2.557827e+00 2.557827e+00
      vertex 5.399857e+00 1.989421e+00 2.557827e+00
    endloop
  endfacet
  facet normal 8.017837e-01 -5.345225e-01 2.672612e-01
    outer loop
      vertex 5.399857e+00 1.421015e+00 1.421015e+00
      vertex 5.399857e+00 1.989421e+00 2.557827e+00
      vertex 4.831451e+00 8.526090e-01 1.989421e+00
    endloop
  endfacet
  facet normal -8.017837e-01 -2.672612e-01 -5.345225e-01
    outer loop
      vertex 3.126233e+00 4.263045e+00 4.263045e+00
      vertex 3.694639e+00 3.694639e+00 3.694639e+00
      vertex 3.126233e+00 3.126233e+00 4.831451e+00
    endloop
  endfacet
  facet normal -6.666667e-01 -3.333333e-01 -6.666667e-01
    outer loop
      vertex 3.126233e+00 4.263045e+00 4.263045e+00
      vertex 3.126233e+00 3.126233e+00 4.831451e+00
      vertex 2.557827e+00 3.126233e+00 5.399857e+00
    endloop
  endfacet
  facet normal -6.666667e-01 6.666667e-01 3.333333e-01
    outer loop
      vertex 3.126233e+00 4.263045e+00 4.263045e+00
      vertex 2.557827e+00 3.126233e+00 5.399857e+00
      vertex 3.126233e+00 3.694639e+00 5.399857e+00
    endloop
  endfacet
  facet normal -8.017837e-01 5.345225e-01 2.672612e-01
    outer loop
      vertex 3.126233e+00 4.263045e+00 4.263045e+00
      vertex 3.126233e+00 3.694639e+00 5.399857e+00
      vertex 3.694639e+00 4.831451e+00 4.831451e+00
    endloop
  endfacet
  facet normal -8.017837e-01 2.672612e-01 5.345225e-01
    outer loop
      vertex 3.126233e+00 4.263045e+00 4.263045e+00
      vertex 3.694639e+00 4.831451e+00 4.831451e+00
      vertex 3.126233e+00 5.399857e+00 3.694639e+00
    endloop
  endfacet
  facet normal -6.666667e-01 3.333333e-01 6.666667e-01
    outer loop
      vertex 3.126233e+00 4.263045e+00 4.263045e+00
      vertex 3.126233e+00 5.399857e+00 3.694639e+00
      vertex 2.557827e+00 5.399857e+00 3.126233e+00
    endloop
  endfacet
  facet normal -6.666667e-01 -6.666667e-01 -3.333333e-01
    outer loop
      vertex 3.126233e+00 4.263045e+00 4.263045e+00
      vertex 2.557827e+00 5.399857e+00 3.126233e+00
      vertex 3.126233e+00 4.831451e+00 3.126233e+00
    endloop
  endfacet
  facet normal -8.017837e-01 -5.345225e-01 -2.672612e-01
    outer loop
      vertex 3.126233e+00 4.263045e+00 4.263045e+00
      vertex 3.126233e+00 4.831451e+00 3.126233e+00
      vertex 3.694639e+00 3.694639e+00 3.694639e+00
    endloop
  endfacet
  facet normal -2.672612e-01 -8.017837e-01 -5.345225e-01
    outer loop
      vertex 4.263045e+00 3.126233e+00 4.263045e+00
      vertex 3.126233e+00 3.126233e+00 4.831451e+00
      vertex 3.694639e+00 3.694639e+00 3.694639e+00
    endloop
  endfacet
  facet normal -5.345225e-01 -8.017837e-01 -2.672612e-01
    outer loop
      vertex 4.263045e+00 3.126233e+00 4.263045e+00
      vertex 3.694639e+00 3.694639e+00 3.694639e+00
      vertex 4.831451e+00 3.126233e+00 3.126233e+00
    endloop
  endfacet
  facet normal -6.666667e-01 -6.666667e-01 -3.333333e-01
    outer loop
      vertex 4.263045e+00 3.126233e+00 4.263045e+00
      vertex 4.831451e+00 3.126233e+00 3.126233e+00
      vertex 5.399857e+00 2.557827e+00 3.126233e+00
    endloop
  endfacet
  facet normal 3.333333e-01 -6.666667e-01 6.666667e-01
    outer loop
      vertex 4.263045e+00 3.126233e+00 4.263045e+00
      vertex 5.399857e+00 2.557827e+00 3.126233e+00
      vertex 5.399857e+00 3.126233e+00 3.694639e+00
    endloop
  endfacet
  facet normal 2.672612e-01 -8.017837e-01 5.345225e-01
    outer loop
      vertex 4.263045e+00 3.126233e+00 4.263045e+00
      vertex 5.399857e+00 3.126233e+00 3.694639e+00
      vertex 4.831451e+00 3.694639e+00 4.831451e+00
    endloop
  endfacet
  facet normal 5.345225e-01 -8.017837e-01 2.672612e-01
    outer loop
      vertex 4.263045e+00 3.126233e+00 4.263045e+00
      vertex 4.831451e+00 3.694639e+00 4.831451e+00
      vertex 3.694639e+00 3.126233e+00 5.399857e+00
    endloop
  endfacet
  facet normal 6.666667e-01 -6.666667e-01 3.333333e-01
    outer loop
      vertex 4.263045e+00 3.126233e+00 4.263045e+00
      vertex 3.694639e+00 3.126233e+00 5.399857e+00
      vertex 3.126233e+00 2.557827e+00 5.399857e+00
    endloop
  endfacet
  facet normal -3.333333e-01 -6.666667e-01 -6.666667e-01
    outer loop
      vertex 4.263045e+00 3.126233e+00 4.263045e+00
      vertex 3.126233e+00 2.557827e+00 5.399857e+00
      vertex 3.126233e+00 3.126233e+00 4.831451e+00
    endloop
  endfacet
