solid surface_model
  facet normal 1.924501e-01 -9.622504e-01 -1.924501e-01
    outer loop
      vertex 1.665335e-16 1.685863e+00 1.685863e+00
      vertex 2.023035e+00 2.023035e+00 2.023035e+00
      vertex 1.348690e+00 1.685863e+00 3.034553e+00
    endloop
  endfacet
  facet normal 1.924501e-01 -9.622504e-01 -1.924501e-01
    outer loop
      vertex 1.665335e-16 1.685863e+00 1.685863e+00
      vertex 1.348690e+00 1.685863e+00 3.034553e+00
      vertex 3.371725e-01 1.348690e+00 3.708898e+00
    endloop
  endfacet
  facet normal 9.622504e-01 -1.924501e-01 -1.924501e-01
    outer loop
      vertex 1.665335e-16 1.685863e+00 1.685863e+00
      vertex 3.371725e-01 1.348690e+00 3.708898e+00
      vertex 2.064586e-16 3.371725e-01 3.034553e+00
    endloop
  endfacet
  facet normal 9.622504e-01 -1.924501e-01 -1.924501e-01
    outer loop
      vertex 1.665335e-16 1.685863e+00 1.685863e+00
      vertex 2.064586e-16 3.371725e-01 3.034553e+00
      vertex -3.371725e-01 -3.371725e-01 2.023035e+00
    endloop
  endfacet
  facet normal 1.924501e-01 -1.924501e-01 -9.622504e-01
    outer loop
      vertex 1.665335e-16 1.685863e+00 1.685863e+00
      vertex -3.371725e-01 -3.371725e-01 2.023035e+00
      vertex -1.348690e+00 3.371725e-01 1.685863e+00
    endloop
  endfacet
  facet normal 1.924501e-01 -1.924501e-01 -9.622504e-01
    outer loop
      vertex 1.665335e-16 1.685863e+00 1.685863e+00
      vertex -1.348690e+00 3.371725e-01 1.685863e+00
      vertex -2.023035e+00 1.348690e+00 1.348690e+00
    endloop
  endfacet
  facet normal 1.924501e-01 -9.622504e-01 -1.924501e-01
    outer loop
      vertex 1.665335e-16 1.685863e+00 1.685863e+00
      vertex -2.023035e+00 1.348690e+00 1.348690e+00
      vertex -1.348690e+00 1.685863e+00 3.371725e-01
    endloop
  endfacet
  facet normal 1.924501e-01 -9.622504e-01 -1.924501e-01
    outer loop
      vertex 1.665335e-16 1.685863e+00 1.685863e+00
      vertex -1.348690e+00 1.685863e+00 3.371725e-01
      vertex -3.371725e-01 2.023035e+00 -3.371725e-01
    endloop
  endfacet
  facet normal 9.622504e-01 -1.924501e-01 -1.924501e-01
    outer loop
      vertex 1.665335e-16 1.685863e+00 1.685863e+00
      vertex -3.371725e-01 2.023035e+00 -3.371725e-01
      vertex 2.064586e-16 3.034553e+00 3.371725e-01
    endloop
  endfacet
  facet normal 9.622504e-01 -1.924501e-01 -1.924501e-01
    outer loop
      vertex 1.665335e-16 1.685863e+00 1.685863e+00
      vertex 2.064586e-16 3.034553e+00 3.371725e-01
      vertex 3.371725e-01 3.708898e+00 1.348690e+00
    endloop
  endfacet
  facet normal 1.924501e-01 -1.924501e-01 -9.622504e-01
    outer loop
      vertex 1.665335e-16 1.685863e+00 1.685863e+00
      vertex 3.371725e-01 3.708898e+00 1.348690e+00
      vertex 1.348690e+00 3.034553e+00 1.685863e+00
    endloop
  endfacet
  facet normal 1.924501e-01 -1.924501e-01 -9.622504e-01
    outer loop
      vertex 1.665335e-16 1.685863e+00 1.685863e+00
      vertex 1.348690e+00 3.034553e+00 1.685863e+00
      vertex 2.023035e+00 2.023035e+00 2.023035e+00
    endloop
  endfacet
  facet normal -2.182179e-01 -8.728716e-01 -4.364358e-01
    outer loop
      vertex 1.685863e+00 1.685863e+00 2.865966e+00
      vertex 1.348690e+00 1.685863e+00 3.034553e+00
      vertex 2.023035e+00 2.023035e+00 2.023035e+00
    endloop
  endfacet
  facet normal -8.728716e-01 -2.182179e-01 -4.364358e-01
    outer loop
      vertex 1.685863e+00 1.685863e+00 2.865966e+00
      vertex 2.023035e+00 2.023035e+00 2.023035e+00
      vertex 1.685863e+00 1.348690e+00 3.034553e+00
    endloop
  endfacet
  facet normal -1.000000e+00 0.000000e+00 0.000000e+00
    outer loop
      vertex 1.685863e+00 1.685863e+00 2.865966e+00
      vertex 1.685863e+00 1.348690e+00 3.034553e+00
      vertex 1.685863e+00 1.685863e+00 3.371725e+00
    endloop
  endfacet
  facet normal 0.000000e+00 -1.000000e+00 0.000000e+00
    outer loop
      vertex 1.685863e+00 1.685863e+00 2.865966e+00
      vertex 1.685863e+00 1.685863e+00 3.371725e+00
      vertex 1.348690e+00 1.685863e+00 3.034553e+00
    endloop
  endfacet
  facet normal -2.182179e-01 -4.364358e-01 -8.728716e-01
    outer loop
      vertex 1.685863e+00 2.865966e+00 1.685863e+00
      vertex 2.023035e+00 2.023035e+00 2.023035e+00
      vertex 1.348690e+00 3.034553e+00 1.685863e+00
    endloop
  endfacet
  facet normal 0.000000e+00 0.000000e+00 -1.000000e+00
    outer loop
      vertex 1.685863e+00 2.865966e+00 1.685863e+00
      vertex 1.348690e+00 3.034553e+00 1.685863e+00
      vertex 1.685863e+00 3.371725e+00 1.685863e+00
    endloop
  endfacet
  facet normal -1.000000e+00 0.000000e+00 0.000000e+00
    outer loop
      vertex 1.685863e+00 2.865966e+00 1.685863e+00
      vertex 1.685863e+00 3.371725e+00 1.685863e+00
      vertex 1.685863e+00 3.034553e+00 1.348690e+00
    endloop
  endfacet
  facet normal -8.728716e-01 -4.364358e-01 -2.182179e-01
    outer loop
      vertex 1.685863e+00 2.865966e+00 1.685863e+00
      vertex 1.685863e+00 3.034553e+00 1.348690e+00
      vertex 2.023035e+00 2.023035e+00 2.023035e+00
    endloop
  endfacet
  facet normal -9.622504e-01 1.924501e-01 -1.924501e-01
    outer loop
      vertex 1.685863e+00 1.572816e-16 1.685863e+00
      vertex 1.685863e+00 1.348690e+00 3.034553e+00
      vertex 2.023035e+00 2.023035e+00 2.023035e+00
    endloop
  endfacet
  facet normal -1.924501e-01 1.924501e-01 -9.622504e-01
    outer loop
      vertex 1.685863e+00 1.572816e-16 1.685863e+00
      vertex 2.023035e+00 2.023035e+00 2.023035e+00
      vertex 3.034553e+00 1.348690e+00 1.685863e+00
    endloop
  endfacet
  facet normal -1.924501e-01 1.924501e-01 -9.622504e-01
    outer loop
      vertex 1.685863e+00 1.572816e-16 1.685863e+00
      vertex 3.034553e+00 1.348690e+00 1.685863e+00
      vertex 3.708898e+00 3.371725e-01 1.348690e+00
    endloop
  endfacet
  facet normal -1.924501e-01 9.622504e-01 -1.924501e-01
    outer loop
      vertex 1.685863e+00 1.572816e-16 1.685863e+00
      vertex 3.708898e+00 3.371725e-01 1.348690e+00
      vertex 3.034553e+00 2.064586e-17 3.371725e-01
    endloop
  endfacet
  facet normal -1.924501e-01 9.622504e-01 -1.924501e-01
    outer loop
      vertex 1.685863e+00 1.572816e-16 1.685863e+00
      vertex 3.034553e+00 2.064586e-17 3.371725e-01
      vertex 2.023035e+00 -3.371725e-01 -3.371725e-01
    endloop
  endfacet
  facet normal -9.622504e-01 1.924501e-01 -1.924501e-01
    outer loop
      vertex 1.685863e+00 1.572816e-16 1.685863e+00
      vertex 2.023035e+00 -3.371725e-01 -3.371725e-01
      vertex 1.685862e+00 -1.348690e+00 3.371725e-01
    endloop
  endfacet
  facet normal -9.622504e-01 1.924501e-01 -1.924501e-01
    outer loop
      vertex 1.685863e+00 1.572816e-16 1.685863e+00
      vertex 1.685862e+00 -1.348690e+00 3.371725e-01
      vertex 1.348690e+00 -2.023035e+00 1.348690e+00
    endloop
  endfacet
  facet normal -1.924501e-01 1.924501e-01 -9.622504e-01
    outer loop
      vertex 1.685863e+00 1.572816e-16 1.685863e+00
      vertex 1.348690e+00 -2.023035e+00 1.348690e+00
      vertex 3.371725e-01 -1.348690e+00 1.685863e+00
    endloop
  endfacet
  facet normal -1.924501e-01 1.924501e-01 -9.622504e-01
    outer loop
      vertex 1.685863e+00 1.572816e-16 1.685863e+00
      vertex 3.371725e-01 -1.348690e+00 1.685863e+00
      vertex -3.371725e-01 -3.371725e-01 2.023035e+00
    endloop
  endfacet
  facet normal -1.924501e-01 9.622504e-01 -1.924501e-01
    outer loop
      vertex 1.685863e+00 1.572816e-16 1.685863e+00
      vertex -3.371725e-01 -3.371725e-01 2.023035e+00
      vertex 3.371725e-01 1.858128e-16 3.034553e+00
    endloop
  endfacet
  facet normal -1.924501e-01 9.622504e-01 -1.924501e-01
    outer loop
      vertex 1.685863e+00 1.572816e-16 1.685863e+00
      vertex 3.371725e-01 1.858128e-16 3.034553e+00
      vertex 1.348690e+00 3.371725e-01 3.708898e+00
    endloop
  endfacet
  facet normal -9.622504e-01 1.924501e-01 -1.924501e-01
    outer loop
      vertex 1.685863e+00 1.572816e-16 1.685863e+00
      vertex 1.348690e+00 3.371725e-01 3.708898e+00
      vertex 1.685863e+00 1.348690e+00 3.034553e+00
    endloop
  endfacet
  facet normal -9.622504e-01 -1.924501e-01 1.924501e-01
    outer loop
      vertex 1.685863e+00 1.685863e+00 7.401487e-17
      vertex 2.023035e+00 2.023035e+00 2.023035e+00
      vertex 1.685863e+00 3.034553e+00 1.348690e+00
    endloop
  endfacet
  facet normal -9.622504e-01 -1.924501e-01 1.924501e-01
    outer loop
      vertex 1.685863e+00 1.685863e+00 7.401487e-17
      vertex 1.685863e+00 3.034553e+00 1.348690e+00
      vertex 1.348690e+00 3.708898e+00 3.371725e-01
    endloop
  endfacet
  facet normal -1.924501e-01 -1.924501e-01 9.622504e-01
    outer loop
      vertex 1.685863e+00 1.685863e+00 7.401487e-17
      vertex 1.348690e+00 3.708898e+00 3.371725e-01
      vertex 3.371725e-01 3.034553e+00 0.000000e+00
    endloop
  endfacet
  facet normal -1.924501e-01 -1.924501e-01 9.622504e-01
    outer loop
      vertex 1.685863e+00 1.685863e+00 7.401487e-17
      vertex 3.371725e-01 3.034553e+00 0.000000e+00
      vertex -3.371725e-01 2.023035e+00 -3.371725e-01
    endloop
  endfacet
  facet normal -1.924501e-01 -9.622504e-01 1.924501e-01
    outer loop
      vertex 1.685863e+00 1.685863e+00 7.401487e-17
      vertex -3.371725e-01 2.023035e+00 -3.371725e-01
      vertex 3.371725e-01 1.685862e+00 -1.348690e+00
    endloop
  endfacet
  facet normal -1.924501e-01 -9.622504e-01 1.924501e-01
    outer loop
      vertex 1.685863e+00 1.685863e+00 7.401487e-17
      vertex 3.371725e-01 1.685862e+00 -1.348690e+00
      vertex 1.348690e+00 1.348690e+00 -2.023035e+00
    endloop
  endfacet
  facet normal -9.622504e-01 -1.924501e-01 1.924501e-01
    outer loop
      vertex 1.685863e+00 1.685863e+00 7.401487e-17
      vertex 1.348690e+00 1.348690e+00 -2.023035e+00
      vertex 1.685862e+00 3.371725e-01 -1.348690e+00
    endloop
  endfacet
  facet normal -9.622504e-01 -1.924501e-01 1.924501e-01
    outer loop
      vertex 1.685863e+00 1.685863e+00 7.401487e-17
      vertex 1.685862e+00 3.371725e-01 -1.348690e+00
      vertex 2.023035e+00 -3.371725e-01 -3.371725e-01
    endloop
  endfacet
  facet normal -1.924501e-01 -1.924501e-01 9.622504e-01
    outer loop
      vertex 1.685863e+00 1.685863e+00 7.401487e-17
      vertex 2.023035e+00 -3.371725e-01 -3.371725e-01
      vertex 3.034553e+00 3.371725e-01 0.000000e+00
    endloop
  endfacet
  facet normal -1.924501e-01 -1.924501e-01 9.622504e-01
    outer loop
      vertex 1.685863e+00 1.685863e+00 7.401487e-17
      vertex 3.034553e+00 3.371725e-01 0.000000e+00
      vertex 3.708898e+00 1.348690e+00 3.371725e-01
    endloop
  endfacet
  facet normal -1.924501e-01 -9.622504e-01 1.924501e-01
    outer loop
      vertex 1.685863e+00 1.685863e+00 7.401487e-17
      vertex 3.708898e+00 1.348690e+00 3.371725e-01
      vertex 3.034553e+00 1.685863e+00 1.348690e+00
    endloop
  endfacet
  facet normal -1.924501e-01 -9.622504e-01 1.924501e-01
    outer loop
      vertex 1.685863e+00 1.685863e+00 7.401487e-17
      vertex 3.034553e+00 1.685863e+00 1.348690e+00
      vertex 2.023035e+00 2.023035e+00 2.023035e+00
    endloop
  endfacet
  facet normal -4.364358e-01 -2.182179e-01 -8.728716e-01
    outer loop
      vertex 2.865966e+00 1.685863e+00 1.685863e+00
      vertex 3.034553e+00 1.348690e+00 1.685863e+00
      vertex 2.023035e+00 2.023035e+00 2.023035e+00
    endloop
  endfacet
  facet normal -4.364358e-01 -8.728716e-01 -2.182179e-01
    outer loop
      vertex 2.865966e+00 1.685863e+00 1.685863e+00
      vertex 2.023035e+00 2.023035e+00 2.023035e+00
      vertex 3.034553e+00 1.685863e+00 1.348690e+00
    endloop
  endfacet
  facet normal 0.000000e+00 -1.000000e+00 0.000000e+00
    outer loop
      vertex 2.865966e+00 1.685863e+00 1.685863e+00
      vertex 3.034553e+00 1.685863e+00 1.348690e+00
      vertex 3.371725e+00 1.685863e+00 1.685863e+00
    endloop
  endfacet
  facet normal 0.000000e+00 0.000000e+00 -1.000000e+00
    outer loop
      vertex 2.865966e+00 1.685863e+00 1.685863e+00
      vertex 3.371725e+00 1.685863e+00 1.685863e+00
      vertex 3.034553e+00 1.348690e+00 1.685863e+00
    endloop
  endfacet
  facet normal 8.728716e-01 -4.364358e-01 2.182179e-01
    outer loop
      vertex 1.071258e-16 5.057588e-01 3.371725e+00
      vertex 2.064586e-16 3.371725e-01 3.034553e+00
      vertex 3.371725e-01 1.348690e+00 3.708898e+00
    endloop
  endfacet
  facet normal 2.182179e-01 -4.364358e-01 8.728716e-01
    outer loop
      vertex 1.071258e-16 5.057588e-01 3.371725e+00
      vertex 3.371725e-01 1.348690e+00 3.708898e+00
      vertex -3.371725e-01 3.371725e-01 3.371725e+00
    endloop
  endfacet
  facet normal 0.000000e+00 0.000000e+00 1.000000e+00
    outer loop
      vertex 1.071258e-16 5.057588e-01 3.371725e+00
      vertex -3.371725e-01 3.371725e-01 3.371725e+00
      vertex 2.064586e-16 2.064586e-16 3.371725e+00
    endloop
  endfacet
  facet normal 1.000000e+00 1.964035e-16 1.964035e-16
    outer loop
      vertex 1.071258e-16 5.057588e-01 3.371725e+00
      vertex 2.064586e-16 2.064586e-16 3.371725e+00
      vertex 2.064586e-16 3.371725e-01 3.034553e+00
    endloop
  endfacet
  facet normal 8.728716e-01 -2.182179e-01 4.364358e-01
    outer loop
      vertex 1.942890e-16 1.685863e+00 4.551829e+00
      vertex 3.371725e-01 1.348690e+00 3.708898e+00
      vertex 4.129172e-16 2.023035e+00 4.720415e+00
    endloop
  endfacet
  facet normal 1.000000e+00 -4.322776e-16 -4.322776e-16
    outer loop
      vertex 1.942890e-16 1.685863e+00 4.551829e+00
      vertex 4.129172e-16 2.023035e+00 4.720415e+00
      vertex 4.129172e-16 1.685863e+00 5.057588e+00
    endloop
  endfacet
  facet normal 0.000000e+00 -1.000000e+00 0.000000e+00
    outer loop
      vertex 1.942890e-16 1.685863e+00 4.551829e+00
      vertex 4.129172e-16 1.685863e+00 5.057588e+00
      vertex -3.371725e-01 1.685863e+00 4.720415e+00
    endloop
  endfacet
  facet normal 2.182179e-01 -8.728716e-01 4.364358e-01
    outer loop
      vertex 1.942890e-16 1.685863e+00 4.551829e+00
      vertex -3.371725e-01 1.685863e+00 4.720415e+00
      vertex 3.371725e-01 1.348690e+00 3.708898e+00
    endloop
  endfacet
  facet normal 9.622504e-01 1.924501e-01 1.924501e-01
    outer loop
      vertex 2.220446e-16 3.371725e+00 3.371725e+00
      vertex 4.129172e-16 2.023035e+00 4.720415e+00
      vertex 3.371725e-01 1.348690e+00 3.708898e+00
    endloop
  endfacet
  facet normal 1.924501e-01 1.924501e-01 9.622504e-01
    outer loop
      vertex 2.220446e-16 3.371725e+00 3.371725e+00
      vertex 3.371725e-01 1.348690e+00 3.708898e+00
      vertex 1.348690e+00 2.023035e+00 3.371725e+00
    endloop
  endfacet
  facet normal 1.924501e-01 1.924501e-01 9.622504e-01
    outer loop
      vertex 2.220446e-16 3.371725e+00 3.371725e+00
      vertex 1.348690e+00 2.023035e+00 3.371725e+00
      vertex 2.023035e+00 3.034553e+00 3.034553e+00
    endloop
  endfacet
  facet normal 1.924501e-01 9.622504e-01 1.924501e-01
    outer loop
      vertex 2.220446e-16 3.371725e+00 3.371725e+00
      vertex 2.023035e+00 3.034553e+00 3.034553e+00
      vertex 1.348690e+00 3.371725e+00 2.023035e+00
    endloop
  endfacet
  facet normal 1.924501e-01 9.622504e-01 1.924501e-01
    outer loop
      vertex 2.220446e-16 3.371725e+00 3.371725e+00
      vertex 1.348690e+00 3.371725e+00 2.023035e+00
      vertex 3.371725e-01 3.708898e+00 1.348690e+00
    endloop
  endfacet
  facet normal 9.622504e-01 1.924501e-01 1.924501e-01
    outer loop
      vertex 2.220446e-16 3.371725e+00 3.371725e+00
      vertex 3.371725e-01 3.708898e+00 1.348690e+00
      vertex 4.129172e-16 4.720415e+00 2.023035e+00
    endloop
  endfacet
  facet normal 9.622504e-01 1.924501e-01 1.924501e-01
    outer loop
      vertex 2.220446e-16 3.371725e+00 3.371725e+00
      vertex 4.129172e-16 4.720415e+00 2.023035e+00
      vertex -3.371725e-01 5.394760e+00 3.034553e+00
    endloop
  endfacet
  facet normal 1.924501e-01 1.924501e-01 9.622504e-01
    outer loop
      vertex 2.220446e-16 3.371725e+00 3.371725e+00
      vertex -3.371725e-01 5.394760e+00 3.034553e+00
      vertex -1.348690e+00 4.720415e+00 3.371725e+00
    endloop
  endfacet
  facet normal 1.924501e-01 1.924501e-01 9.622504e-01
    outer loop
      vertex 2.220446e-16 3.371725e+00 3.371725e+00
      vertex -1.348690e+00 4.720415e+00 3.371725e+00
      vertex -2.023035e+00 3.708898e+00 3.708898e+00
    endloop
  endfacet
  facet normal 1.924501e-01 9.622504e-01 1.924501e-01
    outer loop
      vertex 2.220446e-16 3.371725e+00 3.371725e+00
      vertex -2.023035e+00 3.708898e+00 3.708898e+00
      vertex -1.348690e+00 3.371725e+00 4.720415e+00
    endloop
  endfacet
  facet normal 1.924501e-01 9.622504e-01 1.924501e-01
    outer loop
      vertex 2.220446e-16 3.371725e+00 3.371725e+00
      vertex -1.348690e+00 3.371725e+00 4.720415e+00
      vertex -3.371725e-01 3.034553e+00 5.394760e+00
    endloop
  endfacet
  facet normal 9.622504e-01 1.924501e-01 1.924501e-01
    outer loop
      vertex 2.220446e-16 3.371725e+00 3.371725e+00
      vertex -3.371725e-01 3.034553e+00 5.394760e+00
      vertex 4.129172e-16 2.023035e+00 4.720415e+00
    endloop
  endfacet
  facet normal 4.364358e-01 -8.728716e-01 2.182179e-01
    outer loop
      vertex 1.180104e+00 1.685863e+00 3.371725e+00
      vertex 3.371725e-01 1.348690e+00 3.708898e+00
      vertex 1.348690e+00 1.685863e+00 3.034553e+00
    endloop
  endfacet
  facet normal 0.000000e+00 -1.000000e+00 0.000000e+00
    outer loop
      vertex 1.180104e+00 1.685863e+00 3.371725e+00
      vertex 1.348690e+00 1.685863e+00 3.034553e+00
      vertex 1.685863e+00 1.685863e+00 3.371725e+00
    endloop
  endfacet
  facet normal 0.000000e+00 0.000000e+00 1.000000e+00
    outer loop
      vertex 1.180104e+00 1.685863e+00 3.371725e+00
      vertex 1.685863e+00 1.685863e+00 3.371725e+00
      vertex 1.348690e+00 2.023035e+00 3.371725e+00
    endloop
  endfacet
  facet normal 4.364358e-01 -2.182179e-01 8.728716e-01
    outer loop
      vertex 1.180104e+00 1.685863e+00 3.371725e+00
      vertex 1.348690e+00 2.023035e+00 3.371725e+00
      vertex 3.371725e-01 1.348690e+00 3.708898e+00
    endloop
  endfacet
  facet normal -1.924501e-01 -1.924501e-01 9.622504e-01
    outer loop
      vertex 5.057588e+00 1.685863e+00 3.371725e+00
      vertex 6.406277e+00 3.371725e-01 3.371725e+00
      vertex 7.080623e+00 1.348690e+00 3.708898e+00
    endloop
  endfacet
  facet normal -1.924501e-01 -9.622504e-01 1.924501e-01
    outer loop
      vertex 5.057588e+00 1.685863e+00 3.371725e+00
      vertex 7.080623e+00 1.348690e+00 3.708898e+00
      vertex 6.406277e+00 1.685863e+00 4.720415e+00
    endloop
  endfacet
  facet normal -1.924501e-01 -9.622504e-01 1.924501e-01
    outer loop
      vertex 5.057588e+00 1.685863e+00 3.371725e+00
      vertex 6.406277e+00 1.685863e+00 4.720415e+00
      vertex 5.394760e+00 2.023035e+00 5.394760e+00
    endloop
  endfacet
  facet normal -9.622504e-01 -1.924501e-01 1.924501e-01
    outer loop
      vertex 5.057588e+00 1.685863e+00 3.371725e+00
      vertex 5.394760e+00 2.023035e+00 5.394760e+00
      vertex 5.057588e+00 3.034553e+00 4.720415e+00
    endloop
  endfacet
  facet normal -9.622504e-01 -1.924501e-01 1.924501e-01
    outer loop
      vertex 5.057588e+00 1.685863e+00 3.371725e+00
      vertex 5.057588e+00 3.034553e+00 4.720415e+00
      vertex 4.720415e+00 3.708898e+00 3.708898e+00
    endloop
  endfacet
  facet normal -1.924501e-01 -1.924501e-01 9.622504e-01
    outer loop
      vertex 5.057588e+00 1.685863e+00 3.371725e+00
      vertex 4.720415e+00 3.708898e+00 3.708898e+00
      vertex 3.708898e+00 3.034553e+00 3.371725e+00
    endloop
  endfacet
  facet normal -1.924501e-01 -1.924501e-01 9.622504e-01
    outer loop
      vertex 5.057588e+00 1.685863e+00 3.371725e+00
      vertex 3.708898e+00 3.034553e+00 3.371725e+00
      vertex 3.034553e+00 2.023035e+00 3.034553e+00
    endloop
  endfacet
  facet normal -1.924501e-01 -9.622504e-01 1.924501e-01
    outer loop
      vertex 5.057588e+00 1.685863e+00 3.371725e+00
      vertex 3.034553e+00 2.023035e+00 3.034553e+00
      vertex 3.708898e+00 1.685863e+00 2.023035e+00
    endloop
  endfacet
  facet normal -1.924501e-01 -9.622504e-01 1.924501e-01
    outer loop
      vertex 5.057588e+00 1.685863e+00 3.371725e+00
      vertex 3.708898e+00 1.685863e+00 2.023035e+00
      vertex 4.720415e+00 1.348690e+00 1.348690e+00
    endloop
  endfacet
  facet normal -9.622504e-01 -1.924501e-01 1.924501e-01
    outer loop
      vertex 5.057588e+00 1.685863e+00 3.371725e+00
      vertex 4.720415e+00 1.348690e+00 1.348690e+00
      vertex 5.057588e+00 3.371725e-01 2.023035e+00
    endloop
  endfacet
  facet normal -9.622504e-01 -1.924501e-01 1.924501e-01
    outer loop
      vertex 5.057588e+00 1.685863e+00 3.371725e+00
      vertex 5.057588e+00 3.371725e-01 2.023035e+00
      vertex 5.394760e+00 -3.371725e-01 3.034553e+00
    endloop
  endfacet
  facet normal -1.924501e-01 -1.924501e-01 9.622504e-01
    outer loop
      vertex 5.057588e+00 1.685863e+00 3.371725e+00
      vertex 5.394760e+00 -3.371725e-01 3.034553e+00
      vertex 6.406277e+00 3.371725e-01 3.371725e+00
    endloop
  endfacet
  facet normal -1.924501e-01 -9.622504e-01 1.924501e-01
    outer loop
      vertex -1.685863e+00 1.685863e+00 3.371725e+00
      vertex 3.371725e-01 1.348690e+00 3.708898e+00
      vertex -3.371725e-01 1.685863e+00 4.720415e+00
    endloop
  endfacet
  facet normal -1.924501e-01 -9.622504e-01 1.924501e-01
    outer loop
      vertex -1.685863e+00 1.685863e+00 3.371725e+00
      vertex -3.371725e-01 1.685863e+00 4.720415e+00
      vertex -1.348690e+00 2.023035e+00 5.394760e+00
    endloop
  endfacet
  facet normal -9.622504e-01 -1.924501e-01 1.924501e-01
    outer loop
      vertex -1.685863e+00 1.685863e+00 3.371725e+00
      vertex -1.348690e+00 2.023035e+00 5.394760e+00
      vertex -1.685862e+00 3.034553e+00 4.720415e+00
    endloop
  endfacet
  facet normal -9.622504e-01 -1.924501e-01 1.924501e-01
    outer loop
      vertex -1.685863e+00 1.685863e+00 3.371725e+00
      vertex -1.685862e+00 3.034553e+00 4.720415e+00
      vertex -2.023035e+00 3.708898e+00 3.708898e+00
    endloop
  endfacet
  facet normal -1.924501e-01 -1.924501e-01 9.622504e-01
    outer loop
      vertex -1.685863e+00 1.685863e+00 3.371725e+00
      vertex -2.023035e+00 3.708898e+00 3.708898e+00
      vertex -3.034552e+00 3.034553e+00 3.371725e+00
    endloop
  endfacet
  facet normal -1.924501e-01 -1.924501e-01 9.622504e-01
    outer loop
      vertex -1.685863e+00 1.685863e+00 3.371725e+00
      vertex -3.034552e+00 3.034553e+00 3.371725e+00
      vertex -3.708897e+00 2.023035e+00 3.034553e+00
    endloop
  endfacet
  facet normal -1.924501e-01 -9.622504e-01 1.924501e-01
    outer loop
      vertex -1.685863e+00 1.685863e+00 3.371725e+00
      vertex -3.708897e+00 2.023035e+00 3.034553e+00
      vertex -3.034552e+00 1.685863e+00 2.023035e+00
    endloop
  endfacet
  facet normal -1.924501e-01 -9.622504e-01 1.924501e-01
    outer loop
      vertex -1.685863e+00 1.685863e+00 3.371725e+00
      vertex -3.034552e+00 1.685863e+00 2.023035e+00
      vertex -2.023035e+00 1.348690e+00 1.348690e+00
    endloop
  endfacet
  facet normal -9.622504e-01 -1.924501e-01 1.924501e-01
    outer loop
      vertex -1.685863e+00 1.685863e+00 3.371725e+00
      vertex -2.023035e+00 1.348690e+00 1.348690e+00
      vertex -1.685862e+00 3.371725e-01 2.023035e+00
    endloop
  endfacet
  facet normal -9.622504e-01 -1.924501e-01 1.924501e-01
    outer loop
      vertex -1.685863e+00 1.685863e+00 3.371725e+00
      vertex -1.685862e+00 3.371725e-01 2.023035e+00
      vertex -1.348690e+00 -3.371725e-01 3.034553e+00
    endloop
  endfacet
  facet normal -1.924501e-01 -1.924501e-01 9.622504e-01
    outer loop
      vertex -1.685863e+00 1.685863e+00 3.371725e+00
      vertex -1.348690e+00 -3.371725e-01 3.034553e+00
      vertex -3.371725e-01 3.371725e-01 3.371725e+00
    endloop
  endfacet
  facet normal -1.924501e-01 -1.924501e-01 9.622504e-01
    outer loop
      vertex -1.685863e+00 1.685863e+00 3.371725e+00
      vertex -3.371725e-01 3.371725e-01 3.371725e+00
      vertex 3.371725e-01 1.348690e+00 3.708898e+00
    endloop
  endfacet
  facet normal 2.182179e-01 -8.728716e-01 4.364358e-01
    outer loop
      vertex 6.743450e+00 1.685863e+00 4.551829e+00
      vertex 6.406277e+00 1.685863e+00 4.720415e+00
      vertex 7.080623e+00 1.348690e+00 3.708898e+00
    endloop
  endfacet
  facet normal 8.728716e-01 -2.182179e-01 4.364358e-01
    outer loop
      vertex 6.743450e+00 1.685863e+00 4.551829e+00
      vertex 7.080623e+00 1.348690e+00 3.708898e+00
      vertex 6.743450e+00 2.023035e+00 4.720415e+00
    endloop
  endfacet
  facet normal 1.000000e+00 0.000000e+00 0.000000e+00
    outer loop
      vertex 6.743450e+00 1.685863e+00 4.551829e+00
      vertex 6.743450e+00 2.023035e+00 4.720415e+00
      vertex 6.743450e+00 1.685863e+00 5.057588e+00
    endloop
  endfacet
  facet normal 0.000000e+00 -1.000000e+00 0.000000e+00
    outer loop
      vertex 6.743450e+00 1.685863e+00 4.551829e+00
      vertex 6.743450e+00 1.685863e+00 5.057588e+00
      vertex 6.406277e+00 1.685863e+00 4.720415e+00
    endloop
  endfacet
  facet normal 8.728716e-01 2.182179e-01 -4.364358e-01
    outer loop
      vertex 1.110223e-16 3.371725e+00 5.057588e-01
      vertex 3.371725e-01 3.708898e+00 1.348690e+00
      vertex 2.064586e-16 3.034553e+00 3.371725e-01
    endloop
  endfacet
  facet normal 1.000000e+00 1.886993e-16 1.886993e-16
    outer loop
      vertex 1.110223e-16 3.371725e+00 5.057588e-01
      vertex 2.064586e-16 3.034553e+00 3.371725e-01
      vertex 2.064586e-16 3.371725e+00 0.000000e+00
    endloop
  endfacet
  facet normal 0.000000e+00 1.000000e+00 0.000000e+00
    outer loop
      vertex 1.110223e-16 3.371725e+00 5.057588e-01
      vertex 2.064586e-16 3.371725e+00 0.000000e+00
      vertex -3.371725e-01 3.371725e+00 3.371725e-01
    endloop
  endfacet
  facet normal 2.182179e-01 8.728716e-01 -4.364358e-01
    outer loop
      vertex 1.110223e-16 3.371725e+00 5.057588e-01
      vertex -3.371725e-01 3.371725e+00 3.371725e-01
      vertex 3.371725e-01 3.708898e+00 1.348690e+00
    endloop
  endfacet
  facet normal 8.728716e-01 4.364358e-01 -2.182179e-01
    outer loop
      vertex 2.003738e-16 4.551829e+00 1.685863e+00
      vertex 4.129172e-16 4.720415e+00 2.023035e+00
      vertex 3.371725e-01 3.708898e+00 1.348690e+00
    endloop
  endfacet
  facet normal 2.182179e-01 4.364358e-01 -8.728716e-01
    outer loop
      vertex 2.003738e-16 4.551829e+00 1.685863e+00
      vertex 3.371725e-01 3.708898e+00 1.348690e+00
      vertex -3.371725e-01 4.720415e+00 1.685863e+00
    endloop
  endfacet
  facet normal 0.000000e+00 0.000000e+00 -1.000000e+00
    outer loop
      vertex 2.003738e-16 4.551829e+00 1.685863e+00
      vertex -3.371725e-01 4.720415e+00 1.685863e+00
      vertex 4.129172e-16 5.057588e+00 1.685863e+00
    endloop
  endfacet
  facet normal 1.000000e+00 -4.202466e-16 -4.202466e-16
    outer loop
      vertex 2.003738e-16 4.551829e+00 1.685863e+00
      vertex 4.129172e-16 5.057588e+00 1.685863e+00
      vertex 4.129172e-16 4.720415e+00 2.023035e+00
    endloop
  endfacet
  facet normal 4.364358e-01 2.182179e-01 -8.728716e-01
    outer loop
      vertex 1.180104e+00 3.371725e+00 1.685863e+00
      vertex 1.348690e+00 3.034553e+00 1.685863e+00
      vertex 3.371725e-01 3.708898e+00 1.348690e+00
    endloop
  endfacet
  facet normal 4.364358e-01 8.728716e-01 -2.182179e-01
    outer loop
      vertex 1.180104e+00 3.371725e+00 1.685863e+00
      vertex 3.371725e-01 3.708898e+00 1.348690e+00
      vertex 1.348690e+00 3.371725e+00 2.023035e+00
    endloop
  endfacet
  facet normal 0.000000e+00 1.000000e+00 0.000000e+00
    outer loop
      vertex 1.180104e+00 3.371725e+00 1.685863e+00
      vertex 1.348690e+00 3.371725e+00 2.023035e+00
      vertex 1.685863e+00 3.371725e+00 1.685863e+00
    endloop
  endfacet
  facet normal 0.000000e+00 0.000000e+00 -1.000000e+00
    outer loop
      vertex 1.180104e+00 3.371725e+00 1.685863e+00
      vertex 1.685863e+00 3.371725e+00 1.685863e+00
      vertex 1.348690e+00 3.034553e+00 1.685863e+00
    endloop
  endfacet
  facet normal -1.924501e-01 9.622504e-01 -1.924501e-01
    outer loop
      vertex -1.685863e+00 3.371725e+00 1.685863e+00
      vertex 3.371725e-01 3.708898e+00 1.348690e+00
      vertex -3.371725e-01 3.371725e+00 3.371725e-01
    endloop
  endfacet
  facet normal -1.924501e-01 9.622504e-01 -1.924501e-01
    outer loop
      vertex -1.685863e+00 3.371725e+00 1.685863e+00
      vertex -3.371725e-01 3.371725e+00 3.371725e-01
      vertex -1.348690e+00 3.034553e+00 -3.371725e-01
    endloop
  endfacet
  facet normal -9.622504e-01 1.924501e-01 -1.924501e-01
    outer loop
      vertex -1.685863e+00 3.371725e+00 1.685863e+00
      vertex -1.348690e+00 3.034553e+00 -3.371725e-01
      vertex -1.685862e+00 2.023035e+00 3.371725e-01
    endloop
  endfacet
  facet normal -9.622504e-01 1.924501e-01 -1.924501e-01
    outer loop
      vertex -1.685863e+00 3.371725e+00 1.685863e+00
      vertex -1.685862e+00 2.023035e+00 3.371725e-01
      vertex -2.023035e+00 1.348690e+00 1.348690e+00
    endloop
  endfacet
  facet normal -1.924501e-01 1.924501e-01 -9.622504e-01
    outer loop
      vertex -1.685863e+00 3.371725e+00 1.685863e+00
      vertex -2.023035e+00 1.348690e+00 1.348690e+00
      vertex -3.034552e+00 2.023035e+00 1.685863e+00
    endloop
  endfacet
  facet normal -1.924501e-01 1.924501e-01 -9.622504e-01
    outer loop
      vertex -1.685863e+00 3.371725e+00 1.685863e+00
      vertex -3.034552e+00 2.023035e+00 1.685863e+00
      vertex -3.708897e+00 3.034553e+00 2.023035e+00
    endloop
  endfacet
  facet normal -1.924501e-01 9.622504e-01 -1.924501e-01
    outer loop
      vertex -1.685863e+00 3.371725e+00 1.685863e+00
      vertex -3.708897e+00 3.034553e+00 2.023035e+00
      vertex -3.034552e+00 3.371725e+00 3.034553e+00
    endloop
  endfacet
  facet normal -1.924501e-01 9.622504e-01 -1.924501e-01
    outer loop
      vertex -1.685863e+00 3.371725e+00 1.685863e+00
      vertex -3.034552e+00 3.371725e+00 3.034553e+00
      vertex -2.023035e+00 3.708898e+00 3.708898e+00
    endloop
  endfacet
  facet normal -9.622504e-01 1.924501e-01 -1.924501e-01
    outer loop
      vertex -1.685863e+00 3.371725e+00 1.685863e+00
      vertex -2.023035e+00 3.708898e+00 3.708898e+00
      vertex -1.685862e+00 4.720415e+00 3.034553e+00
    endloop
  endfacet
  facet normal -9.622504e-01 1.924501e-01 -1.924501e-01
    outer loop
      vertex -1.685863e+00 3.371725e+00 1.685863e+00
      vertex -1.685862e+00 4.720415e+00 3.034553e+00
      vertex -1.348690e+00 5.394760e+00 2.023035e+00
    endloop
  endfacet
  facet normal -1.924501e-01 1.924501e-01 -9.622504e-01
    outer loop
      vertex -1.685863e+00 3.371725e+00 1.685863e+00
      vertex -1.348690e+00 5.394760e+00 2.023035e+00
      vertex -3.371725e-01 4.720415e+00 1.685863e+00
    endloop
  endfacet
  facet normal -1.924501e-01 1.924501e-01 -9.622504e-01
    outer loop
      vertex -1.685863e+00 3.371725e+00 1.685863e+00
      vertex -3.371725e-01 4.720415e+00 1.685863e+00
      vertex 3.371725e-01 3.708898e+00 1.348690e+00
    endloop
  endfacet
  facet normal 2.182179e-01 8.728716e-01 -4.364358e-01
    outer loop
      vertex 6.743450e+00 3.371725e+00 5.057588e-01
      vertex 6.406277e+00 3.371725e+00 3.371725e-01
      vertex 7.080623e+00 3.708898e+00 1.348690e+00
    endloop
  endfacet
  facet normal 8.728716e-01 2.182179e-01 -4.364358e-01
    outer loop
      vertex 6.743450e+00 3.371725e+00 5.057588e-01
      vertex 7.080623e+00 3.708898e+00 1.348690e+00
      vertex 6.743450e+00 3.034553e+00 3.371725e-01
    endloop
  endfacet
  facet normal 1.000000e+00 0.000000e+00 0.000000e+00
    outer loop
      vertex 6.743450e+00 3.371725e+00 5.057588e-01
      vertex 6.743450e+00 3.034553e+00 3.371725e-01
      vertex 6.743450e+00 3.371725e+00 0.000000e+00
    endloop
  endfacet
  facet normal 0.000000e+00 1.000000e+00 0.000000e+00
    outer loop
      vertex 6.743450e+00 3.371725e+00 5.057588e-01
      vertex 6.743450e+00 3.371725e+00 0.000000e+00
      vertex 6.406277e+00 3.371725e+00 3.371725e-01
    endloop
  endfacet
  facet normal -1.924501e-01 1.924501e-01 -9.622504e-01
    outer loop
      vertex 5.057588e+00 3.371725e+00 1.685863e+00
      vertex 6.406277e+00 4.720415e+00 1.685863e+00
      vertex 7.080623e+00 3.708898e+00 1.348690e+00
    endloop
  endfacet
  facet normal -1.924501e-01 9.622504e-01 -1.924501e-01
    outer loop
      vertex 5.057588e+00 3.371725e+00 1.685863e+00
      vertex 7.080623e+00 3.708898e+00 1.348690e+00
      vertex 6.406277e+00 3.371725e+00 3.371725e-01
    endloop
  endfacet
  facet normal -1.924501e-01 9.622504e-01 -1.924501e-01
    outer loop
      vertex 5.057588e+00 3.371725e+00 1.685863e+00
      vertex 6.406277e+00 3.371725e+00 3.371725e-01
      vertex 5.394760e+00 3.034553e+00 -3.371725e-01
    endloop
  endfacet
  facet normal -9.622504e-01 1.924501e-01 -1.924501e-01
    outer loop
      vertex 5.057588e+00 3.371725e+00 1.685863e+00
      vertex 5.394760e+00 3.034553e+00 -3.371725e-01
      vertex 5.057588e+00 2.023035e+00 3.371725e-01
    endloop
  endfacet
  facet normal -9.622504e-01 1.924501e-01 -1.924501e-01
    outer loop
      vertex 5.057588e+00 3.371725e+00 1.685863e+00
      vertex 5.057588e+00 2.023035e+00 3.371725e-01
      vertex 4.720415e+00 1.348690e+00 1.348690e+00
    endloop
  endfacet
  facet normal -1.924501e-01 1.924501e-01 -9.622504e-01
    outer loop
      vertex 5.057588e+00 3.371725e+00 1.685863e+00
      vertex 4.720415e+00 1.348690e+00 1.348690e+00
      vertex 3.708898e+00 2.023035e+00 1.685863e+00
    endloop
  endfacet
  facet normal -1.924501e-01 1.924501e-01 -9.622504e-01
    outer loop
      vertex 5.057588e+00 3.371725e+00 1.685863e+00
      vertex 3.708898e+00 2.023035e+00 1.685863e+00
      vertex 3.034553e+00 3.034553e+00 2.023035e+00
    endloop
  endfacet
  facet normal -1.924501e-01 9.622504e-01 -1.924501e-01
    outer loop
      vertex 5.057588e+00 3.371725e+00 1.685863e+00
      vertex 3.034553e+00 3.034553e+00 2.023035e+00
      vertex 3.708898e+00 3.371725e+00 3.034553e+00
    endloop
  endfacet
  facet normal -1.924501e-01 9.622504e-01 -1.924501e-01
    outer loop
      vertex 5.057588e+00 3.371725e+00 1.685863e+00
      vertex 3.708898e+00 3.371725e+00 3.034553e+00
      vertex 4.720415e+00 3.708898e+00 3.708898e+00
    endloop
  endfacet
  facet normal -9.622504e-01 1.924501e-01 -1.924501e-01
    outer loop
      vertex 5.057588e+00 3.371725e+00 1.685863e+00
      vertex 4.720415e+00 3.708898e+00 3.708898e+00
      vertex 5.057588e+00 4.720415e+00 3.034553e+00
    endloop
  endfacet
  facet normal -9.622504e-01 1.924501e-01 -1.924501e-01
    outer loop
      vertex 5.057588e+00 3.371725e+00 1.685863e+00
      vertex 5.057588e+00 4.720415e+00 3.034553e+00
      vertex 5.394760e+00 5.394760e+00 2.023035e+00
    endloop
  endfacet
  facet normal -1.924501e-01 1.924501e-01 -9.622504e-01
    outer loop
      vertex 5.057588e+00 3.371725e+00 1.685863e+00
      vertex 5.394760e+00 5.394760e+00 2.023035e+00
      vertex 6.406277e+00 4.720415e+00 1.685863e+00
    endloop
  endfacet
  facet normal -4.364358e-01 8.728716e-01 2.182179e-01
    outer loop
      vertex 5.057588e-01 8.326673e-17 3.371725e+00
      vertex 1.348690e+00 3.371725e-01 3.708898e+00
      vertex 3.371725e-01 1.858128e-16 3.034553e+00
    endloop
  endfacet
  facet normal 2.435784e-16 1.000000e+00 1.823460e-16
    outer loop
      vertex 5.057588e-01 8.326673e-17 3.371725e+00
      vertex 3.371725e-01 1.858128e-16 3.034553e+00
      vertex 2.064586e-16 2.064586e-16 3.371725e+00
    endloop
  endfacet
  facet normal 0.000000e+00 0.000000e+00 1.000000e+00
    outer loop
      vertex 5.057588e-01 8.326673e-17 3.371725e+00
      vertex 2.064586e-16 2.064586e-16 3.371725e+00
      vertex 3.371725e-01 -3.371725e-01 3.371725e+00
    endloop
  endfacet
  facet normal -4.364358e-01 2.182179e-01 8.728716e-01
    outer loop
      vertex 5.057588e-01 8.326673e-17 3.371725e+00
      vertex 3.371725e-01 -3.371725e-01 3.371725e+00
      vertex 1.348690e+00 3.371725e-01 3.708898e+00
    endloop
  endfacet
  facet normal 1.924501e-01 9.622504e-01 1.924501e-01
    outer loop
      vertex 3.371725e+00 1.480297e-16 3.371725e+00
      vertex 1.348690e+00 3.371725e-01 3.708898e+00
      vertex 2.023035e+00 2.890421e-16 4.720415e+00
    endloop
  endfacet
  facet normal 1.924501e-01 9.622504e-01 1.924501e-01
    outer loop
      vertex 3.371725e+00 1.480297e-16 3.371725e+00
      vertex 2.023035e+00 2.890421e-16 4.720415e+00
      vertex 3.034553e+00 -3.371725e-01 5.394760e+00
    endloop
  endfacet
  facet normal 9.622504e-01 1.924501e-01 1.924501e-01
    outer loop
      vertex 3.371725e+00 1.480297e-16 3.371725e+00
      vertex 3.034553e+00 -3.371725e-01 5.394760e+00
      vertex 3.371725e+00 -1.348690e+00 4.720415e+00
    endloop
  endfacet
  facet normal 9.622504e-01 1.924501e-01 1.924501e-01
    outer loop
      vertex 3.371725e+00 1.480297e-16 3.371725e+00
      vertex 3.371725e+00 -1.348690e+00 4.720415e+00
      vertex 3.708898e+00 -2.023035e+00 3.708898e+00
    endloop
  endfacet
  facet normal 1.924501e-01 1.924501e-01 9.622504e-01
    outer loop
      vertex 3.371725e+00 1.480297e-16 3.371725e+00
      vertex 3.708898e+00 -2.023035e+00 3.708898e+00
      vertex 4.720415e+00 -1.348690e+00 3.371725e+00
    endloop
  endfacet
  facet normal 1.924501e-01 1.924501e-01 9.622504e-01
    outer loop
      vertex 3.371725e+00 1.480297e-16 3.371725e+00
      vertex 4.720415e+00 -1.348690e+00 3.371725e+00
      vertex 5.394760e+00 -3.371725e-01 3.034553e+00
    endloop
  endfacet
  facet normal 1.924501e-01 9.622504e-01 1.924501e-01
    outer loop
      vertex 3.371725e+00 1.480297e-16 3.371725e+00
      vertex 5.394760e+00 -3.371725e-01 3.034553e+00
      vertex 4.720415e+00 1.238752e-16 2.023035e+00
    endloop
  endfacet
  facet normal 1.924501e-01 9.622504e-01 1.924501e-01
    outer loop
      vertex 3.371725e+00 1.480297e-16 3.371725e+00
      vertex 4.720415e+00 1.238752e-16 2.023035e+00
      vertex 3.708898e+00 3.371725e-01 1.348690e+00
    endloop
  endfacet
  facet normal 9.622504e-01 1.924501e-01 1.924501e-01
    outer loop
      vertex 3.371725e+00 1.480297e-16 3.371725e+00
      vertex 3.708898e+00 3.371725e-01 1.348690e+00
      vertex 3.371725e+00 1.348690e+00 2.023035e+00
    endloop
  endfacet
  facet normal 9.622504e-01 1.924501e-01 1.924501e-01
    outer loop
      vertex 3.371725e+00 1.480297e-16 3.371725e+00
      vertex 3.371725e+00 1.348690e+00 2.023035e+00
      vertex 3.034553e+00 2.023035e+00 3.034553e+00
    endloop
  endfacet
  facet normal 1.924501e-01 1.924501e-01 9.622504e-01
    outer loop
      vertex 3.371725e+00 1.480297e-16 3.371725e+00
      vertex 3.034553e+00 2.023035e+00 3.034553e+00
      vertex 2.023035e+00 1.348690e+00 3.371725e+00
    endloop
  endfacet
  facet normal 1.924501e-01 1.924501e-01 9.622504e-01
    outer loop
      vertex 3.371725e+00 1.480297e-16 3.371725e+00
      vertex 2.023035e+00 1.348690e+00 3.371725e+00
      vertex 1.348690e+00 3.371725e-01 3.708898e+00
    endloop
  endfacet
  facet normal -2.182179e-01 8.728716e-01 4.364358e-01
    outer loop
      vertex 1.685863e+00 1.329331e-16 4.551829e+00
      vertex 2.023035e+00 2.890421e-16 4.720415e+00
      vertex 1.348690e+00 3.371725e-01 3.708898e+00
    endloop
  endfacet
  facet normal -8.728716e-01 2.182179e-01 4.364358e-01
    outer loop
      vertex 1.685863e+00 1.329331e-16 4.551829e+00
      vertex 1.348690e+00 3.371725e-01 3.708898e+00
      vertex 1.685863e+00 -3.371725e-01 4.720415e+00
    endloop
  endfacet
  facet normal -1.000000e+00 0.000000e+00 0.000000e+00
    outer loop
      vertex 1.685863e+00 1.329331e-16 4.551829e+00
      vertex 1.685863e+00 -3.371725e-01 4.720415e+00
      vertex 1.685863e+00 3.096879e-16 5.057588e+00
    endloop
  endfacet
  facet normal -2.882520e-16 1.000000e+00 -3.494844e-16
    outer loop
      vertex 1.685863e+00 1.329331e-16 4.551829e+00
      vertex 1.685863e+00 3.096879e-16 5.057588e+00
