solid surface_model
  facet normal 4.850713e-01 7.276069e-01 4.850713e-01
    outer loop
      vertex 2.023140e+00 2.023140e+00 2.023140e+00
      vertex 3.468685e-16 2.832396e+00 2.832396e+00
      vertex 4.046280e-01 2.023140e+00 3.641652e+00
    endloop
  endfacet
  facet normal 4.850713e-01 7.276069e-01 4.850713e-01
    outer loop
      vertex 2.023140e+00 2.023140e+00 2.023140e+00
      vertex 4.046280e-01 2.023140e+00 3.641652e+00
      vertex 1.213884e+00 1.213884e+00 4.046280e+00
    endloop
  endfacet
  facet normal 7.276069e-01 4.850713e-01 4.850713e-01
    outer loop
      vertex 2.023140e+00 2.023140e+00 2.023140e+00
      vertex 1.213884e+00 1.213884e+00 4.046280e+00
      vertex 2.023140e+00 4.046280e-01 3.641652e+00
    endloop
  endfacet
  facet normal 7.276069e-01 4.850713e-01 4.850713e-01
    outer loop
      vertex 2.023140e+00 2.023140e+00 2.023140e+00
      vertex 2.023140e+00 4.046280e-01 3.641652e+00
      vertex 2.832396e+00 1.734342e-16 2.832396e+00
    endloop
  endfacet
  facet normal 4.850713e-01 4.850713e-01 7.276069e-01
    outer loop
      vertex 2.023140e+00 2.023140e+00 2.023140e+00
      vertex 2.832396e+00 1.734342e-16 2.832396e+00
      vertex 3.641652e+00 4.046280e-01 2.023140e+00
    endloop
  endfacet
  facet normal 4.850713e-01 4.850713e-01 7.276069e-01
    outer loop
      vertex 2.023140e+00 2.023140e+00 2.023140e+00
      vertex 3.641652e+00 4.046280e-01 2.023140e+00
      vertex 4.046280e+00 1.213884e+00 1.213884e+00
    endloop
  endfacet
  facet normal 4.850713e-01 7.276069e-01 4.850713e-01
    outer loop
      vertex 2.023140e+00 2.023140e+00 2.023140e+00
      vertex 4.046280e+00 1.213884e+00 1.213884e+00
      vertex 3.641652e+00 2.023140e+00 4.046280e-01
    endloop
  endfacet
  facet normal 4.850713e-01 7.276069e-01 4.850713e-01
    outer loop
      vertex 2.023140e+00 2.023140e+00 2.023140e+00
      vertex 3.641652e+00 2.023140e+00 4.046280e-01
      vertex 2.832396e+00 2.832396e+00 0.000000e+00
    endloop
  endfacet
  facet normal 7.276069e-01 4.850713e-01 4.850713e-01
    outer loop
      vertex 2.023140e+00 2.023140e+00 2.023140e+00
      vertex 2.832396e+00 2.832396e+00 0.000000e+00
      vertex 2.023140e+00 3.641652e+00 4.046280e-01
    endloop
  endfacet
  facet normal 7.276069e-01 4.850713e-01 4.850713e-01
    outer loop
      vertex 2.023140e+00 2.023140e+00 2.023140e+00
      vertex 2.023140e+00 3.641652e+00 4.046280e-01
      vertex 1.213884e+00 4.046280e+00 1.213884e+00
    endloop
  endfacet
  facet normal 4.850713e-01 4.850713e-01 7.276069e-01
    outer loop
      vertex 2.023140e+00 2.023140e+00 2.023140e+00
      vertex 1.213884e+00 4.046280e+00 1.213884e+00
      vertex 4.046280e-01 3.641652e+00 2.023140e+00
    endloop
  endfacet
  facet normal 4.850713e-01 4.850713e-01 7.276069e-01
    outer loop
      vertex 2.023140e+00 2.023140e+00 2.023140e+00
      vertex 4.046280e-01 3.641652e+00 2.023140e+00
      vertex 3.468685e-16 2.832396e+00 2.832396e+00
    endloop
  endfacet
  facet normal 2.119996e-01 7.419985e-01 6.359987e-01
    outer loop
      vertex 1.067890e-16 2.225454e+00 3.540495e+00
      vertex 4.046280e-01 2.023140e+00 3.641652e+00
      vertex 3.468685e-16 2.832396e+00 2.832396e+00
    endloop
  endfacet
  facet normal -2.119996e-01 7.419985e-01 6.359987e-01
    outer loop
      vertex 1.067890e-16 2.225454e+00 3.540495e+00
      vertex 3.468685e-16 2.832396e+00 2.832396e+00
      vertex -4.046280e-01 2.023140e+00 3.641652e+00
    endloop
  endfacet
  facet normal -3.481553e-01 8.703883e-01 3.481553e-01
    outer loop
      vertex 1.067890e-16 2.225454e+00 3.540495e+00
      vertex -4.046280e-01 2.023140e+00 3.641652e+00
      vertex 3.716448e-16 2.023140e+00 4.046280e+00
    endloop
  endfacet
  facet normal 3.481553e-01 8.703883e-01 3.481553e-01
    outer loop
      vertex 1.067890e-16 2.225454e+00 3.540495e+00
      vertex 3.716448e-16 2.023140e+00 4.046280e+00
      vertex 4.046280e-01 2.023140e+00 3.641652e+00
    endloop
  endfacet
  facet normal 2.119996e-01 6.359987e-01 7.419985e-01
    outer loop
      vertex 1.110223e-16 3.540495e+00 2.225454e+00
      vertex 3.468685e-16 2.832396e+00 2.832396e+00
      vertex 4.046280e-01 3.641652e+00 2.023140e+00
    endloop
  endfacet
  facet normal 3.481553e-01 3.481553e-01 8.703883e-01
    outer loop
      vertex 1.110223e-16 3.540495e+00 2.225454e+00
      vertex 4.046280e-01 3.641652e+00 2.023140e+00
      vertex 3.716448e-16 4.046280e+00 2.023140e+00
    endloop
  endfacet
  facet normal -3.481553e-01 3.481553e-01 8.703883e-01
    outer loop
      vertex 1.110223e-16 3.540495e+00 2.225454e+00
      vertex 3.716448e-16 4.046280e+00 2.023140e+00
      vertex -4.046280e-01 3.641652e+00 2.023140e+00
    endloop
  endfacet
  facet normal -2.119996e-01 6.359987e-01 7.419985e-01
    outer loop
      vertex 1.110223e-16 3.540495e+00 2.225454e+00
      vertex -4.046280e-01 3.641652e+00 2.023140e+00
      vertex 3.468685e-16 2.832396e+00 2.832396e+00
    endloop
  endfacet
  facet normal -4.850713e-01 7.276069e-01 4.850713e-01
    outer loop
      vertex 6.069420e+00 2.023140e+00 2.023140e+00
      vertex 7.687932e+00 2.023140e+00 3.641652e+00
      vertex 8.092560e+00 2.832396e+00 2.832396e+00
    endloop
  endfacet
  facet normal -4.850713e-01 4.850713e-01 7.276069e-01
    outer loop
      vertex 6.069420e+00 2.023140e+00 2.023140e+00
      vertex 8.092560e+00 2.832396e+00 2.832396e+00
      vertex 7.687932e+00 3.641652e+00 2.023140e+00
    endloop
  endfacet
  facet normal -4.850713e-01 4.850713e-01 7.276069e-01
    outer loop
      vertex 6.069420e+00 2.023140e+00 2.023140e+00
      vertex 7.687932e+00 3.641652e+00 2.023140e+00
      vertex 6.878676e+00 4.046280e+00 1.213884e+00
    endloop
  endfacet
  facet normal -7.276069e-01 4.850713e-01 4.850713e-01
    outer loop
      vertex 6.069420e+00 2.023140e+00 2.023140e+00
      vertex 6.878676e+00 4.046280e+00 1.213884e+00
      vertex 6.069420e+00 3.641652e+00 4.046280e-01
    endloop
  endfacet
  facet normal -7.276069e-01 4.850713e-01 4.850713e-01
    outer loop
      vertex 6.069420e+00 2.023140e+00 2.023140e+00
      vertex 6.069420e+00 3.641652e+00 4.046280e-01
      vertex 5.260164e+00 2.832396e+00 0.000000e+00
    endloop
  endfacet
  facet normal -4.850713e-01 7.276069e-01 4.850713e-01
    outer loop
      vertex 6.069420e+00 2.023140e+00 2.023140e+00
      vertex 5.260164e+00 2.832396e+00 0.000000e+00
      vertex 4.450908e+00 2.023140e+00 4.046280e-01
    endloop
  endfacet
  facet normal -4.850713e-01 7.276069e-01 4.850713e-01
    outer loop
      vertex 6.069420e+00 2.023140e+00 2.023140e+00
      vertex 4.450908e+00 2.023140e+00 4.046280e-01
      vertex 4.046280e+00 1.213884e+00 1.213884e+00
    endloop
  endfacet
  facet normal -4.850713e-01 4.850713e-01 7.276069e-01
    outer loop
      vertex 6.069420e+00 2.023140e+00 2.023140e+00
      vertex 4.046280e+00 1.213884e+00 1.213884e+00
      vertex 4.450908e+00 4.046280e-01 2.023140e+00
    endloop
  endfacet
  facet normal -4.850713e-01 4.850713e-01 7.276069e-01
    outer loop
      vertex 6.069420e+00 2.023140e+00 2.023140e+00
      vertex 4.450908e+00 4.046280e-01 2.023140e+00
      vertex 5.260164e+00 1.734342e-16 2.832396e+00
    endloop
  endfacet
  facet normal -7.276069e-01 4.850713e-01 4.850713e-01
    outer loop
      vertex 6.069420e+00 2.023140e+00 2.023140e+00
      vertex 5.260164e+00 1.734342e-16 2.832396e+00
      vertex 6.069420e+00 4.046280e-01 3.641652e+00
    endloop
  endfacet
  facet normal -7.276069e-01 4.850713e-01 4.850713e-01
    outer loop
      vertex 6.069420e+00 2.023140e+00 2.023140e+00
      vertex 6.069420e+00 4.046280e-01 3.641652e+00
      vertex 6.878676e+00 1.213884e+00 4.046280e+00
    endloop
  endfacet
  facet normal -4.850713e-01 7.276069e-01 4.850713e-01
    outer loop
      vertex 6.069420e+00 2.023140e+00 2.023140e+00
      vertex 6.878676e+00 1.213884e+00 4.046280e+00
      vertex 7.687932e+00 2.023140e+00 3.641652e+00
    endloop
  endfacet
  facet normal -4.850713e-01 4.850713e-01 7.276069e-01
    outer loop
      vertex -2.023140e+00 2.023140e+00 2.023140e+00
      vertex 3.468685e-16 2.832396e+00 2.832396e+00
      vertex -4.046280e-01 3.641652e+00 2.023140e+00
    endloop
  endfacet
  facet normal -4.850713e-01 4.850713e-01 7.276069e-01
    outer loop
      vertex -2.023140e+00 2.023140e+00 2.023140e+00
      vertex -4.046280e-01 3.641652e+00 2.023140e+00
      vertex -1.213884e+00 4.046280e+00 1.213884e+00
    endloop
  endfacet
  facet normal -7.276069e-01 4.850713e-01 4.850713e-01
    outer loop
      vertex -2.023140e+00 2.023140e+00 2.023140e+00
      vertex -1.213884e+00 4.046280e+00 1.213884e+00
      vertex -2.023140e+00 3.641652e+00 4.046280e-01
    endloop
  endfacet
  facet normal -7.276069e-01 4.850713e-01 4.850713e-01
    outer loop
      vertex -2.023140e+00 2.023140e+00 2.023140e+00
      vertex -2.023140e+00 3.641652e+00 4.046280e-01
      vertex -2.832396e+00 2.832396e+00 0.000000e+00
    endloop
  endfacet
  facet normal -4.850713e-01 7.276069e-01 4.850713e-01
    outer loop
      vertex -2.023140e+00 2.023140e+00 2.023140e+00
      vertex -2.832396e+00 2.832396e+00 0.000000e+00
      vertex -3.641652e+00 2.023140e+00 4.046280e-01
    endloop
  endfacet
  facet normal -4.850713e-01 7.276069e-01 4.850713e-01
    outer loop
      vertex -2.023140e+00 2.023140e+00 2.023140e+00
      vertex -3.641652e+00 2.023140e+00 4.046280e-01
      vertex -4.046280e+00 1.213884e+00 1.213884e+00
    endloop
  endfacet
  facet normal -4.850713e-01 4.850713e-01 7.276069e-01
    outer loop
      vertex -2.023140e+00 2.023140e+00 2.023140e+00
      vertex -4.046280e+00 1.213884e+00 1.213884e+00
      vertex -3.641652e+00 4.046280e-01 2.023140e+00
    endloop
  endfacet
  facet normal -4.850713e-01 4.850713e-01 7.276069e-01
    outer loop
      vertex -2.023140e+00 2.023140e+00 2.023140e+00
      vertex -3.641652e+00 4.046280e-01 2.023140e+00
      vertex -2.832396e+00 1.734342e-16 2.832396e+00
    endloop
  endfacet
  facet normal -7.276069e-01 4.850713e-01 4.850713e-01
    outer loop
      vertex -2.023140e+00 2.023140e+00 2.023140e+00
      vertex -2.832396e+00 1.734342e-16 2.832396e+00
      vertex -2.023140e+00 4.046280e-01 3.641652e+00
    endloop
  endfacet
  facet normal -7.276069e-01 4.850713e-01 4.850713e-01
    outer loop
      vertex -2.023140e+00 2.023140e+00 2.023140e+00
      vertex -2.023140e+00 4.046280e-01 3.641652e+00
      vertex -1.213884e+00 1.213884e+00 4.046280e+00
    endloop
  endfacet
  facet normal -4.850713e-01 7.276069e-01 4.850713e-01
    outer loop
      vertex -2.023140e+00 2.023140e+00 2.023140e+00
      vertex -1.213884e+00 1.213884e+00 4.046280e+00
      vertex -4.046280e-01 2.023140e+00 3.641652e+00
    endloop
  endfacet
  facet normal -4.850713e-01 7.276069e-01 4.850713e-01
    outer loop
      vertex -2.023140e+00 2.023140e+00 2.023140e+00
      vertex -4.046280e-01 2.023140e+00 3.641652e+00
      vertex 3.468685e-16 2.832396e+00 2.832396e+00
    endloop
  endfacet
  facet normal -2.119996e-01 6.359987e-01 7.419985e-01
    outer loop
      vertex 8.092560e+00 3.540495e+00 2.225454e+00
      vertex 7.687932e+00 3.641652e+00 2.023140e+00
      vertex 8.092560e+00 2.832396e+00 2.832396e+00
    endloop
  endfacet
  facet normal 2.119996e-01 6.359987e-01 7.419985e-01
    outer loop
      vertex 8.092560e+00 3.540495e+00 2.225454e+00
      vertex 8.092560e+00 2.832396e+00 2.832396e+00
      vertex 8.497188e+00 3.641652e+00 2.023140e+00
    endloop
  endfacet
  facet normal 3.481553e-01 3.481553e-01 8.703883e-01
    outer loop
      vertex 8.092560e+00 3.540495e+00 2.225454e+00
      vertex 8.497188e+00 3.641652e+00 2.023140e+00
      vertex 8.092560e+00 4.046280e+00 2.023140e+00
    endloop
  endfacet
  facet normal -3.481553e-01 3.481553e-01 8.703883e-01
    outer loop
      vertex 8.092560e+00 3.540495e+00 2.225454e+00
      vertex 8.092560e+00 4.046280e+00 2.023140e+00
      vertex 7.687932e+00 3.641652e+00 2.023140e+00
    endloop
  endfacet
  facet normal 7.419985e-01 2.119996e-01 6.359987e-01
    outer loop
      vertex 2.225454e+00 0.000000e+00 3.540495e+00
      vertex 2.832396e+00 1.734342e-16 2.832396e+00
      vertex 2.023140e+00 4.046280e-01 3.641652e+00
    endloop
  endfacet
  facet normal 8.703883e-01 3.481553e-01 3.481553e-01
    outer loop
      vertex 2.225454e+00 0.000000e+00 3.540495e+00
      vertex 2.023140e+00 4.046280e-01 3.641652e+00
      vertex 2.023140e+00 2.477632e-16 4.046280e+00
    endloop
  endfacet
  facet normal 8.703883e-01 -3.481553e-01 3.481553e-01
    outer loop
      vertex 2.225454e+00 0.000000e+00 3.540495e+00
      vertex 2.023140e+00 2.477632e-16 4.046280e+00
      vertex 2.023140e+00 -4.046280e-01 3.641652e+00
    endloop
  endfacet
  facet normal 7.419985e-01 -2.119996e-01 6.359987e-01
    outer loop
      vertex 2.225454e+00 0.000000e+00 3.540495e+00
      vertex 2.023140e+00 -4.046280e-01 3.641652e+00
      vertex 2.832396e+00 1.734342e-16 2.832396e+00
    endloop
  endfacet
  facet normal 7.276069e-01 -4.850713e-01 4.850713e-01
    outer loop
      vertex 2.023140e+00 -2.023140e+00 2.023140e+00
      vertex 2.832396e+00 1.734342e-16 2.832396e+00
      vertex 2.023140e+00 -4.046280e-01 3.641652e+00
    endloop
  endfacet
  facet normal 7.276069e-01 -4.850713e-01 4.850713e-01
    outer loop
      vertex 2.023140e+00 -2.023140e+00 2.023140e+00
      vertex 2.023140e+00 -4.046280e-01 3.641652e+00
      vertex 1.213884e+00 -1.213884e+00 4.046280e+00
    endloop
  endfacet
  facet normal 4.850713e-01 -7.276069e-01 4.850713e-01
    outer loop
      vertex 2.023140e+00 -2.023140e+00 2.023140e+00
      vertex 1.213884e+00 -1.213884e+00 4.046280e+00
      vertex 4.046280e-01 -2.023140e+00 3.641652e+00
    endloop
  endfacet
  facet normal 4.850713e-01 -7.276069e-01 4.850713e-01
    outer loop
      vertex 2.023140e+00 -2.023140e+00 2.023140e+00
      vertex 4.046280e-01 -2.023140e+00 3.641652e+00
      vertex 0.000000e+00 -2.832396e+00 2.832396e+00
    endloop
  endfacet
  facet normal 4.850713e-01 -4.850713e-01 7.276069e-01
    outer loop
      vertex 2.023140e+00 -2.023140e+00 2.023140e+00
      vertex 0.000000e+00 -2.832396e+00 2.832396e+00
      vertex 4.046280e-01 -3.641652e+00 2.023140e+00
    endloop
  endfacet
  facet normal 4.850713e-01 -4.850713e-01 7.276069e-01
    outer loop
      vertex 2.023140e+00 -2.023140e+00 2.023140e+00
      vertex 4.046280e-01 -3.641652e+00 2.023140e+00
      vertex 1.213884e+00 -4.046280e+00 1.213884e+00
    endloop
  endfacet
  facet normal 7.276069e-01 -4.850713e-01 4.850713e-01
    outer loop
      vertex 2.023140e+00 -2.023140e+00 2.023140e+00
      vertex 1.213884e+00 -4.046280e+00 1.213884e+00
      vertex 2.023140e+00 -3.641652e+00 4.046280e-01
    endloop
  endfacet
  facet normal 7.276069e-01 -4.850713e-01 4.850713e-01
    outer loop
      vertex 2.023140e+00 -2.023140e+00 2.023140e+00
      vertex 2.023140e+00 -3.641652e+00 4.046280e-01
      vertex 2.832396e+00 -2.832396e+00 0.000000e+00
    endloop
  endfacet
  facet normal 4.850713e-01 -7.276069e-01 4.850713e-01
    outer loop
      vertex 2.023140e+00 -2.023140e+00 2.023140e+00
      vertex 2.832396e+00 -2.832396e+00 0.000000e+00
      vertex 3.641652e+00 -2.023140e+00 4.046280e-01
    endloop
  endfacet
  facet normal 4.850713e-01 -7.276069e-01 4.850713e-01
    outer loop
      vertex 2.023140e+00 -2.023140e+00 2.023140e+00
      vertex 3.641652e+00 -2.023140e+00 4.046280e-01
      vertex 4.046280e+00 -1.213884e+00 1.213884e+00
    endloop
  endfacet
  facet normal 4.850713e-01 -4.850713e-01 7.276069e-01
    outer loop
      vertex 2.023140e+00 -2.023140e+00 2.023140e+00
      vertex 4.046280e+00 -1.213884e+00 1.213884e+00
      vertex 3.641652e+00 -4.046280e-01 2.023140e+00
    endloop
  endfacet
  facet normal 4.850713e-01 -4.850713e-01 7.276069e-01
    outer loop
      vertex 2.023140e+00 -2.023140e+00 2.023140e+00
      vertex 3.641652e+00 -4.046280e-01 2.023140e+00
      vertex 2.832396e+00 1.734342e-16 2.832396e+00
    endloop
  endfacet
  facet normal 7.419985e-01 -2.119996e-01 6.359987e-01
    outer loop
      vertex 2.225454e+00 8.092560e+00 3.540495e+00
      vertex 2.023140e+00 7.687932e+00 3.641652e+00
      vertex 2.832396e+00 8.092560e+00 2.832396e+00
    endloop
  endfacet
  facet normal 7.419985e-01 2.119996e-01 6.359987e-01
    outer loop
      vertex 2.225454e+00 8.092560e+00 3.540495e+00
      vertex 2.832396e+00 8.092560e+00 2.832396e+00
      vertex 2.023140e+00 8.497188e+00 3.641652e+00
    endloop
  endfacet
  facet normal 8.703883e-01 3.481553e-01 3.481553e-01
    outer loop
      vertex 2.225454e+00 8.092560e+00 3.540495e+00
      vertex 2.023140e+00 8.497188e+00 3.641652e+00
      vertex 2.023140e+00 8.092560e+00 4.046280e+00
    endloop
  endfacet
  facet normal 8.703883e-01 -3.481553e-01 3.481553e-01
    outer loop
      vertex 2.225454e+00 8.092560e+00 3.540495e+00
      vertex 2.023140e+00 8.092560e+00 4.046280e+00
      vertex 2.023140e+00 7.687932e+00 3.641652e+00
    endloop
  endfacet
  facet normal 6.359987e-01 2.119996e-01 7.419985e-01
    outer loop
      vertex 3.540495e+00 -5.229633e-17 2.225454e+00
      vertex 3.641652e+00 4.046280e-01 2.023140e+00
      vertex 2.832396e+00 1.734342e-16 2.832396e+00
    endloop
  endfacet
  facet normal 6.359987e-01 -2.119996e-01 7.419985e-01
    outer loop
      vertex 3.540495e+00 -5.229633e-17 2.225454e+00
      vertex 2.832396e+00 1.734342e-16 2.832396e+00
      vertex 3.641652e+00 -4.046280e-01 2.023140e+00
    endloop
  endfacet
  facet normal 3.481553e-01 -3.481553e-01 8.703883e-01
    outer loop
      vertex 3.540495e+00 -5.229633e-17 2.225454e+00
      vertex 3.641652e+00 -4.046280e-01 2.023140e+00
      vertex 4.046280e+00 1.238816e-16 2.023140e+00
    endloop
  endfacet
  facet normal 3.481553e-01 3.481553e-01 8.703883e-01
    outer loop
      vertex 3.540495e+00 -5.229633e-17 2.225454e+00
      vertex 4.046280e+00 1.238816e-16 2.023140e+00
      vertex 3.641652e+00 4.046280e-01 2.023140e+00
    endloop
  endfacet
  facet normal 4.850713e-01 -4.850713e-01 7.276069e-01
    outer loop
      vertex 2.023140e+00 6.069420e+00 2.023140e+00
      vertex 3.641652e+00 7.687932e+00 2.023140e+00
      vertex 2.832396e+00 8.092560e+00 2.832396e+00
    endloop
  endfacet
  facet normal 7.276069e-01 -4.850713e-01 4.850713e-01
    outer loop
      vertex 2.023140e+00 6.069420e+00 2.023140e+00
      vertex 2.832396e+00 8.092560e+00 2.832396e+00
      vertex 2.023140e+00 7.687932e+00 3.641652e+00
    endloop
  endfacet
  facet normal 7.276069e-01 -4.850713e-01 4.850713e-01
    outer loop
      vertex 2.023140e+00 6.069420e+00 2.023140e+00
      vertex 2.023140e+00 7.687932e+00 3.641652e+00
      vertex 1.213884e+00 6.878676e+00 4.046280e+00
    endloop
  endfacet
  facet normal 4.850713e-01 -7.276069e-01 4.850713e-01
    outer loop
      vertex 2.023140e+00 6.069420e+00 2.023140e+00
      vertex 1.213884e+00 6.878676e+00 4.046280e+00
      vertex 4.046280e-01 6.069420e+00 3.641652e+00
    endloop
  endfacet
  facet normal 4.850713e-01 -7.276069e-01 4.850713e-01
    outer loop
      vertex 2.023140e+00 6.069420e+00 2.023140e+00
      vertex 4.046280e-01 6.069420e+00 3.641652e+00
      vertex 4.955264e-16 5.260164e+00 2.832396e+00
    endloop
  endfacet
  facet normal 4.850713e-01 -4.850713e-01 7.276069e-01
    outer loop
      vertex 2.023140e+00 6.069420e+00 2.023140e+00
      vertex 4.955264e-16 5.260164e+00 2.832396e+00
      vertex 4.046280e-01 4.450908e+00 2.023140e+00
    endloop
  endfacet
  facet normal 4.850713e-01 -4.850713e-01 7.276069e-01
    outer loop
      vertex 2.023140e+00 6.069420e+00 2.023140e+00
      vertex 4.046280e-01 4.450908e+00 2.023140e+00
      vertex 1.213884e+00 4.046280e+00 1.213884e+00
    endloop
  endfacet
  facet normal 7.276069e-01 -4.850713e-01 4.850713e-01
    outer loop
      vertex 2.023140e+00 6.069420e+00 2.023140e+00
      vertex 1.213884e+00 4.046280e+00 1.213884e+00
      vertex 2.023140e+00 4.450908e+00 4.046280e-01
    endloop
  endfacet
  facet normal 7.276069e-01 -4.850713e-01 4.850713e-01
    outer loop
      vertex 2.023140e+00 6.069420e+00 2.023140e+00
      vertex 2.023140e+00 4.450908e+00 4.046280e-01
      vertex 2.832396e+00 5.260164e+00 0.000000e+00
    endloop
  endfacet
  facet normal 4.850713e-01 -7.276069e-01 4.850713e-01
    outer loop
      vertex 2.023140e+00 6.069420e+00 2.023140e+00
      vertex 2.832396e+00 5.260164e+00 0.000000e+00
      vertex 3.641652e+00 6.069420e+00 4.046280e-01
    endloop
  endfacet
  facet normal 4.850713e-01 -7.276069e-01 4.850713e-01
    outer loop
      vertex 2.023140e+00 6.069420e+00 2.023140e+00
      vertex 3.641652e+00 6.069420e+00 4.046280e-01
      vertex 4.046280e+00 6.878676e+00 1.213884e+00
    endloop
  endfacet
  facet normal 4.850713e-01 -4.850713e-01 7.276069e-01
    outer loop
      vertex 2.023140e+00 6.069420e+00 2.023140e+00
      vertex 4.046280e+00 6.878676e+00 1.213884e+00
      vertex 3.641652e+00 7.687932e+00 2.023140e+00
    endloop
  endfacet
  facet normal 7.419985e-01 6.359987e-01 2.119996e-01
    outer loop
      vertex 2.225454e+00 3.540495e+00 -1.526557e-16
      vertex 2.023140e+00 3.641652e+00 4.046280e-01
      vertex 2.832396e+00 2.832396e+00 0.000000e+00
    endloop
  endfacet
  facet normal 7.419985e-01 6.359987e-01 -2.119996e-01
    outer loop
      vertex 2.225454e+00 3.540495e+00 -1.526557e-16
      vertex 2.832396e+00 2.832396e+00 0.000000e+00
      vertex 2.023140e+00 3.641652e+00 -4.046280e-01
    endloop
  endfacet
  facet normal 8.703883e-01 3.481553e-01 -3.481553e-01
    outer loop
      vertex 2.225454e+00 3.540495e+00 -1.526557e-16
      vertex 2.023140e+00 3.641652e+00 -4.046280e-01
      vertex 2.023140e+00 4.046280e+00 0.000000e+00
    endloop
  endfacet
  facet normal 8.703883e-01 3.481553e-01 3.481553e-01
    outer loop
      vertex 2.225454e+00 3.540495e+00 -1.526557e-16
      vertex 2.023140e+00 4.046280e+00 0.000000e+00
      vertex 2.023140e+00 3.641652e+00 4.046280e-01
    endloop
  endfacet
  facet normal 7.276069e-01 4.850713e-01 -4.850713e-01
    outer loop
      vertex 2.023140e+00 2.023140e+00 6.069420e+00
      vertex 2.023140e+00 3.641652e+00 7.687932e+00
      vertex 2.832396e+00 2.832396e+00 8.092560e+00
    endloop
  endfacet
  facet normal 4.850713e-01 7.276069e-01 -4.850713e-01
    outer loop
      vertex 2.023140e+00 2.023140e+00 6.069420e+00
      vertex 2.832396e+00 2.832396e+00 8.092560e+00
      vertex 3.641652e+00 2.023140e+00 7.687932e+00
    endloop
  endfacet
  facet normal 4.850713e-01 7.276069e-01 -4.850713e-01
    outer loop
      vertex 2.023140e+00 2.023140e+00 6.069420e+00
      vertex 3.641652e+00 2.023140e+00 7.687932e+00
      vertex 4.046280e+00 1.213884e+00 6.878676e+00
    endloop
  endfacet
  facet normal 4.850713e-01 4.850713e-01 -7.276069e-01
    outer loop
      vertex 2.023140e+00 2.023140e+00 6.069420e+00
      vertex 4.046280e+00 1.213884e+00 6.878676e+00
      vertex 3.641652e+00 4.046280e-01 6.069420e+00
    endloop
  endfacet
  facet normal 4.850713e-01 4.850713e-01 -7.276069e-01
    outer loop
      vertex 2.023140e+00 2.023140e+00 6.069420e+00
      vertex 3.641652e+00 4.046280e-01 6.069420e+00
      vertex 2.832396e+00 3.220922e-16 5.260164e+00
    endloop
  endfacet
  facet normal 7.276069e-01 4.850713e-01 -4.850713e-01
    outer loop
      vertex 2.023140e+00 2.023140e+00 6.069420e+00
      vertex 2.832396e+00 3.220922e-16 5.260164e+00
      vertex 2.023140e+00 4.046280e-01 4.450908e+00
    endloop
  endfacet
  facet normal 7.276069e-01 4.850713e-01 -4.850713e-01
    outer loop
      vertex 2.023140e+00 2.023140e+00 6.069420e+00
      vertex 2.023140e+00 4.046280e-01 4.450908e+00
      vertex 1.213884e+00 1.213884e+00 4.046280e+00
    endloop
  endfacet
  facet normal 4.850713e-01 7.276069e-01 -4.850713e-01
    outer loop
      vertex 2.023140e+00 2.023140e+00 6.069420e+00
      vertex 1.213884e+00 1.213884e+00 4.046280e+00
      vertex 4.046280e-01 2.023140e+00 4.450908e+00
    endloop
  endfacet
  facet normal 4.850713e-01 7.276069e-01 -4.850713e-01
    outer loop
      vertex 2.023140e+00 2.023140e+00 6.069420e+00
      vertex 4.046280e-01 2.023140e+00 4.450908e+00
      vertex 4.955264e-16 2.832396e+00 5.260164e+00
    endloop
  endfacet
  facet normal 4.850713e-01 4.850713e-01 -7.276069e-01
    outer loop
      vertex 2.023140e+00 2.023140e+00 6.069420e+00
      vertex 4.955264e-16 2.832396e+00 5.260164e+00
      vertex 4.046280e-01 3.641652e+00 6.069420e+00
    endloop
  endfacet
  facet normal 4.850713e-01 4.850713e-01 -7.276069e-01
    outer loop
      vertex 2.023140e+00 2.023140e+00 6.069420e+00
      vertex 4.046280e-01 3.641652e+00 6.069420e+00
      vertex 1.213884e+00 4.046280e+00 6.878676e+00
    endloop
  endfacet
  facet normal 7.276069e-01 4.850713e-01 -4.850713e-01
    outer loop
      vertex 2.023140e+00 2.023140e+00 6.069420e+00
      vertex 1.213884e+00 4.046280e+00 6.878676e+00
      vertex 2.023140e+00 3.641652e+00 7.687932e+00
    endloop
  endfacet
  facet normal 6.359987e-01 7.419985e-01 2.119996e-01
    outer loop
      vertex 3.540495e+00 2.225454e+00 -1.526557e-16
      vertex 2.832396e+00 2.832396e+00 0.000000e+00
      vertex 3.641652e+00 2.023140e+00 4.046280e-01
    endloop
  endfacet
  facet normal 3.481553e-01 8.703883e-01 3.481553e-01
    outer loop
      vertex 3.540495e+00 2.225454e+00 -1.526557e-16
      vertex 3.641652e+00 2.023140e+00 4.046280e-01
      vertex 4.046280e+00 2.023140e+00 0.000000e+00
    endloop
  endfacet
  facet normal 3.481553e-01 8.703883e-01 -3.481553e-01
    outer loop
      vertex 3.540495e+00 2.225454e+00 -1.526557e-16
      vertex 4.046280e+00 2.023140e+00 0.000000e+00
      vertex 3.641652e+00 2.023140e+00 -4.046280e-01
    endloop
  endfacet
  facet normal 6.359987e-01 7.419985e-01 -2.119996e-01
    outer loop
      vertex 3.540495e+00 2.225454e+00 -1.526557e-16
      vertex 3.641652e+00 2.023140e+00 -4.046280e-01
      vertex 2.832396e+00 2.832396e+00 0.000000e+00
    endloop
  endfacet
  facet normal 4.850713e-01 7.276069e-01 -4.850713e-01
    outer loop
      vertex 2.023140e+00 2.023140e+00 -2.023140e+00
      vertex 2.832396e+00 2.832396e+00 0.000000e+00
      vertex 3.641652e+00 2.023140e+00 -4.046280e-01
    endloop
  endfacet
  facet normal 4.850713e-01 7.276069e-01 -4.850713e-01
    outer loop
      vertex 2.023140e+00 2.023140e+00 -2.023140e+00
      vertex 3.641652e+00 2.023140e+00 -4.046280e-01
      vertex 4.046280e+00 1.213884e+00 -1.213884e+00
    endloop
  endfacet
  facet normal 4.850713e-01 4.850713e-01 -7.276069e-01
    outer loop
      vertex 2.023140e+00 2.023140e+00 -2.023140e+00
      vertex 4.046280e+00 1.213884e+00 -1.213884e+00
      vertex 3.641652e+00 4.046280e-01 -2.023140e+00
    endloop
  endfacet
  facet normal 4.850713e-01 4.850713e-01 -7.276069e-01
    outer loop
      vertex 2.023140e+00 2.023140e+00 -2.023140e+00
      vertex 3.641652e+00 4.046280e-01 -2.023140e+00
      vertex 2.832396e+00 -1.734342e-16 -2.832396e+00
    endloop
  endfacet
  facet normal 7.276069e-01 4.850713e-01 -4.850713e-01
    outer loop
      vertex 2.023140e+00 2.023140e+00 -2.023140e+00
      vertex 2.832396e+00 -1.734342e-16 -2.832396e+00
      vertex 2.023140e+00 4.046280e-01 -3.641652e+00
    endloop
  endfacet
  facet normal 7.276069e-01 4.850713e-01 -4.850713e-01
    outer loop
      vertex 2.023140e+00 2.023140e+00 -2.023140e+00
      vertex 2.023140e+00 4.046280e-01 -3.641652e+00
      vertex 1.213884e+00 1.213884e+00 -4.046280e+00
    endloop
  endfacet
  facet normal 4.850713e-01 7.276069e-01 -4.850713e-01
    outer loop
      vertex 2.023140e+00 2.023140e+00 -2.023140e+00
      vertex 1.213884e+00 1.213884e+00 -4.046280e+00
      vertex 4.046280e-01 2.023140e+00 -3.641652e+00
    endloop
  endfacet
  facet normal 4.850713e-01 7.276069e-01 -4.850713e-01
    outer loop
      vertex 2.023140e+00 2.023140e+00 -2.023140e+00
      vertex 4.046280e-01 2.023140e+00 -3.641652e+00
      vertex 0.000000e+00 2.832396e+00 -2.832396e+00
    endloop
  endfacet
  facet normal 4.850713e-01 4.850713e-01 -7.276069e-01
    outer loop
      vertex 2.023140e+00 2.023140e+00 -2.023140e+00
      vertex 0.000000e+00 2.832396e+00 -2.832396e+00
      vertex 4.046280e-01 3.641652e+00 -2.023140e+00
    endloop
  endfacet
  facet normal 4.850713e-01 4.850713e-01 -7.276069e-01
    outer loop
      vertex 2.023140e+00 2.023140e+00 -2.023140e+00
      vertex 4.046280e-01 3.641652e+00 -2.023140e+00
      vertex 1.213884e+00 4.046280e+00 -1.213884e+00
    endloop
  endfacet
  facet normal 7.276069e-01 4.850713e-01 -4.850713e-01
    outer loop
      vertex 2.023140e+00 2.023140e+00 -2.023140e+00
      vertex 1.213884e+00 4.046280e+00 -1.213884e+00
      vertex 2.023140e+00 3.641652e+00 -4.046280e-01
    endloop
  endfacet
  facet normal 7.276069e-01 4.850713e-01 -4.850713e-01
    outer loop
      vertex 2.023140e+00 2.023140e+00 -2.023140e+00
      vertex 2.023140e+00 3.641652e+00 -4.046280e-01
      vertex 2.832396e+00 2.832396e+00 0.000000e+00
    endloop
  endfacet
  facet normal 6.359987e-01 7.419985e-01 -2.119996e-01
    outer loop
      vertex 3.540495e+00 2.225454e+00 8.092560e+00
      vertex 3.641652e+00 2.023140e+00 7.687932e+00
      vertex 2.832396e+00 2.832396e+00 8.092560e+00
    endloop
  endfacet
  facet normal 6.359987e-01 7.419985e-01 2.119996e-01
    outer loop
      vertex 3.540495e+00 2.225454e+00 8.092560e+00
      vertex 2.832396e+00 2.832396e+00 8.092560e+00
      vertex 3.641652e+00 2.023140e+00 8.497188e+00
    endloop
  endfacet
  facet normal 3.481553e-01 8.703883e-01 3.481553e-01
    outer loop
      vertex 3.540495e+00 2.225454e+00 8.092560e+00
      vertex 3.641652e+00 2.023140e+00 8.497188e+00
      vertex 4.046280e+00 2.023140e+00 8.092560e+00
    endloop
  endfacet
  facet normal 3.481553e-01 8.703883e-01 -3.481553e-01
    outer loop
      vertex 3.540495e+00 2.225454e+00 8.092560e+00
      vertex 4.046280e+00 2.023140e+00 8.092560e+00
      vertex 3.641652e+00 2.023140e+00 7.687932e+00
    endloop
  endfacet
  facet normal 2.119996e-01 7.419985e-01 -6.359987e-01
    outer loop
      vertex 1.665335e-16 2.225454e+00 4.552065e+00
      vertex 4.955264e-16 2.832396e+00 5.260164e+00
      vertex 4.046280e-01 2.023140e+00 4.450908e+00
    endloop
  endfacet
  facet normal 3.481553e-01 8.703883e-01 -3.481553e-01
    outer loop
      vertex 1.665335e-16 2.225454e+00 4.552065e+00
      vertex 4.046280e-01 2.023140e+00 4.450908e+00
      vertex 3.716448e-16 2.023140e+00 4.046280e+00
    endloop
  endfacet
  facet normal -3.481553e-01 8.703883e-01 -3.481553e-01
    outer loop
      vertex 1.665335e-16 2.225454e+00 4.552065e+00
      vertex 3.716448e-16 2.023140e+00 4.046280e+00
      vertex -4.046280e-01 2.023140e+00 4.450908e+00
    endloop
  endfacet
  facet normal -2.119996e-01 7.419985e-01 -6.359987e-01
    outer loop
      vertex 1.665335e-16 2.225454e+00 4.552065e+00
      vertex -4.046280e-01 2.023140e+00 4.450908e+00
      vertex 4.955264e-16 2.832396e+00 5.260164e+00
    endloop
  endfacet
  facet normal 2.119996e-01 6.359987e-01 -7.419985e-01
    outer loop
      vertex 2.797521e-16 3.540495e+00 5.867106e+00
      vertex 4.046280e-01 3.641652e+00 6.069420e+00
      vertex 4.955264e-16 2.832396e+00 5.260164e+00
    endloop
  endfacet
  facet normal -2.119996e-01 6.359987e-01 -7.419985e-01
    outer loop
      vertex 2.797521e-16 3.540495e+00 5.867106e+00
      vertex 4.955264e-16 2.832396e+00 5.260164e+00
      vertex -4.046280e-01 3.641652e+00 6.069420e+00
    endloop
  endfacet
  facet normal -3.481553e-01 3.481553e-01 -8.703883e-01
    outer loop
      vertex 2.797521e-16 3.540495e+00 5.867106e+00
      vertex -4.046280e-01 3.641652e+00 6.069420e+00
      vertex 6.194080e-16 4.046280e+00 6.069420e+00
    endloop
  endfacet
  facet normal 3.481553e-01 3.481553e-01 -8.703883e-01
    outer loop
      vertex 2.797521e-16 3.540495e+00 5.867106e+00
      vertex 6.194080e-16 4.046280e+00 6.069420e+00
      vertex 4.046280e-01 3.641652e+00 6.069420e+00
    endloop
  endfacet
  facet normal -4.850713e-01 7.276069e-01 -4.850713e-01
    outer loop
      vertex -2.023140e+00 2.023140e+00 6.069420e+00
      vertex 4.955264e-16 2.832396e+00 5.260164e+00
      vertex -4.046280e-01 2.023140e+00 4.450908e+00
    endloop
  endfacet
  facet normal -4.850713e-01 7.276069e-01 -4.850713e-01
    outer loop
      vertex -2.023140e+00 2.023140e+00 6.069420e+00
      vertex -4.046280e-01 2.023140e+00 4.450908e+00
      vertex -1.213884e+00 1.213884e+00 4.046280e+00
    endloop
  endfacet
  facet normal -7.276069e-01 4.850713e-01 -4.850713e-01
    outer loop
      vertex -2.023140e+00 2.023140e+00 6.069420e+00
      vertex -1.213884e+00 1.213884e+00 4.046280e+00
      vertex -2.023140e+00 4.046280e-01 4.450908e+00
    endloop
  endfacet
  facet normal -7.276069e-01 4.850713e-01 -4.850713e-01
    outer loop
      vertex -2.023140e+00 2.023140e+00 6.069420e+00
      vertex -2.023140e+00 4.046280e-01 4.450908e+00
      vertex -2.832396e+00 3.220922e-16 5.260164e+00
    endloop
  endfacet
  facet normal -4.850713e-01 4.850713e-01 -7.276069e-01
    outer loop
      vertex -2.023140e+00 2.023140e+00 6.069420e+00
      vertex -2.832396e+00 3.220922e-16 5.260164e+00
      vertex -3.641652e+00 4.046280e-01 6.069420e+00
    endloop
  endfacet
  facet normal -4.850713e-01 4.850713e-01 -7.276069e-01
    outer loop
      vertex -2.023140e+00 2.023140e+00 6.069420e+00
      vertex -3.641652e+00 4.046280e-01 6.069420e+00
      vertex -4.046280e+00 1.213884e+00 6.878676e+00
    endloop
  endfacet
  facet normal -4.850713e-01 7.276069e-01 -4.850713e-01
    outer loop
      vertex -2.023140e+00 2.023140e+00 6.069420e+00
      vertex -4.046280e+00 1.213884e+00 6.878676e+00
      vertex -3.641652e+00 2.023140e+00 7.687932e+00
    endloop
  endfacet
  facet normal -4.850713e-01 7.276069e-01 -4.850713e-01
    outer loop
      vertex -2.023140e+00 2.023140e+00 6.069420e+00
      vertex -3.641652e+00 2.023140e+00 7.687932e+00
      vertex -2.832396e+00 2.832396e+00 8.092560e+00
    endloop
  endfacet
  facet normal -7.276069e-01 4.850713e-01 -4.850713e-01
    outer loop
      vertex -2.023140e+00 2.023140e+00 6.069420e+00
      vertex -2.832396e+00 2.832396e+00 8.092560e+00
      vertex -2.023140e+00 3.641652e+00 7.687932e+00
    endloop
  endfacet
  facet normal -7.276069e-01 4.850713e-01 -4.850713e-01
    outer loop
      vertex -2.023140e+00 2.023140e+00 6.069420e+00
      vertex -2.023140e+00 3.641652e+00 7.687932e+00
      vertex -1.213884e+00 4.046280e+00 6.878676e+00
    endloop
  endfacet
  facet normal -4.850713e-01 4.850713e-01 -7.276069e-01
    outer loop
      vertex -2.023140e+00 2.023140e+00 6.069420e+00
      vertex -1.213884e+00 4.046280e+00 6.878676e+00
      vertex -4.046280e-01 3.641652e+00 6.069420e+00
    endloop
  endfacet
  facet normal -4.850713e-01 4.850713e-01 -7.276069e-01
    outer loop
      vertex -2.023140e+00 2.023140e+00 6.069420e+00
      vertex -4.046280e-01 3.641652e+00 6.069420e+00
      vertex 4.955264e-16 2.832396e+00 5.260164e+00
    endloop
  endfacet
  facet normal -2.119996e-01 7.419985e-01 -6.359987e-01
    outer loop
      vertex 8.092560e+00 2.225454e+00 4.552065e+00
      vertex 7.687932e+00 2.023140e+00 4.450908e+00
      vertex 8.092560e+00 2.832396e+00 5.260164e+00
    endloop
  endfacet
  facet normal 2.119996e-01 7.419985e-01 -6.359987e-01
    outer loop
      vertex 8.092560e+00 2.225454e+00 4.552065e+00
      vertex 8.092560e+00 2.832396e+00 5.260164e+00
      vertex 8.497188e+00 2.023140e+00 4.450908e+00
    endloop
  endfacet
  facet normal 3.481553e-01 8.703883e-01 -3.481553e-01
    outer loop
      vertex 8.092560e+00 2.225454e+00 4.552065e+00
      vertex 8.497188e+00 2.023140e+00 4.450908e+00
      vertex 8.092560e+00 2.023140e+00 4.046280e+00
    endloop
  endfacet
  facet normal -3.481553e-01 8.703883e-01 -3.481553e-01
    outer loop
      vertex 8.092560e+00 2.225454e+00 4.552065e+00
      vertex 8.092560e+00 2.023140e+00 4.046280e+00
      vertex 7.687932e+00 2.023140e+00 4.450908e+00
    endloop
  endfacet
  facet normal -4.850713e-01 4.850713e-01 -7.276069e-01
    outer loop
      vertex 6.069420e+00 2.023140e+00 6.069420e+00
      vertex 7.687932e+00 3.641652e+00 6.069420e+00
      vertex 8.092560e+00 2.832396e+00 5.260164e+00
    endloop
  endfacet
  facet normal -4.850713e-01 7.276069e-01 -4.850713e-01
    outer loop
      vertex 6.069420e+00 2.023140e+00 6.069420e+00
      vertex 8.092560e+00 2.832396e+00 5.260164e+00
      vertex 7.687932e+00 2.023140e+00 4.450908e+00
    endloop
  endfacet
  facet normal -4.850713e-01 7.276069e-01 -4.850713e-01
    outer loop
      vertex 6.069420e+00 2.023140e+00 6.069420e+00
      vertex 7.687932e+00 2.023140e+00 4.450908e+00
      vertex 6.878676e+00 1.213884e+00 4.046280e+00
    endloop
  endfacet
  facet normal -7.276069e-01 4.850713e-01 -4.850713e-01
    outer loop
      vertex 6.069420e+00 2.023140e+00 6.069420e+00
      vertex 6.878676e+00 1.213884e+00 4.046280e+00
      vertex 6.069420e+00 4.046280e-01 4.450908e+00
    endloop
  endfacet
  facet normal -7.276069e-01 4.850713e-01 -4.850713e-01
    outer loop
      vertex 6.069420e+00 2.023140e+00 6.069420e+00
      vertex 6.069420e+00 4.046280e-01 4.450908e+00
      vertex 5.260164e+00 3.220922e-16 5.260164e+00
    endloop
  endfacet
  facet normal -4.850713e-01 4.850713e-01 -7.276069e-01
    outer loop
      vertex 6.069420e+00 2.023140e+00 6.069420e+00
      vertex 5.260164e+00 3.220922e-16 5.260164e+00
      vertex 4.450908e+00 4.046280e-01 6.069420e+00
    endloop
  endfacet
  facet normal -4.850713e-01 4.850713e-01 -7.276069e-01
    outer loop
      vertex 6.069420e+00 2.023140e+00 6.069420e+00
      vertex 4.450908e+00 4.046280e-01 6.069420e+00
      vertex 4.046280e+00 1.213884e+00 6.878676e+00
    endloop
  endfacet
  facet normal -4.850713e-01 7.276069e-01 -4.850713e-01
    outer loop
      vertex 6.069420e+00 2.023140e+00 6.069420e+00
      vertex 4.046280e+00 1.213884e+00 6.878676e+00
      vertex 4.450908e+00 2.023140e+00 7.687932e+00
    endloop
  endfacet
  facet normal -4.850713e-01 7.276069e-01 -4.850713e-01
    outer loop
      vertex 6.069420e+00 2.023140e+00 6.069420e+00
      vertex 4.450908e+00 2.023140e+00 7.687932e+00
      vertex 5.260164e+00 2.832396e+00 8.092560e+00
    endloop
  endfacet
  facet normal -7.276069e-01 4.850713e-01 -4.850713e-01
    outer loop
      vertex 6.069420e+00 2.023140e+00 6.069420e+00
      vertex 5.260164e+00 2.832396e+00 8.092560e+00
      vertex 6.069420e+00 3.641652e+00 7.687932e+00
    endloop
  endfacet
  facet normal -7.276069e-01 4.850713e-01 -4.850713e-01
    outer loop
      vertex 6.069420e+00 2.023140e+00 6.069420e+00
      vertex 6.069420e+00 3.641652e+00 7.687932e+00
      vertex 6.878676e+00 4.046280e+00 6.878676e+00
    endloop
  endfacet
  facet normal -4.850713e-01 4.850713e-01 -7.276069e-01
    outer loop
      vertex 6.069420e+00 2.023140e+00 6.069420e+00
      vertex 6.878676e+00 4.046280e+00 6.878676e+00
      vertex 7.687932e+00 3.641652e+00 6.069420e+00
    endloop
  endfacet
  facet normal 2.119996e-01 -6.359987e-01 7.419985e-01
    outer loop
      vertex 1.623001e-16 4.552065e+00 2.225454e+00
      vertex 4.046280e-01 4.450908e+00 2.023140e+00
      vertex 4.955264e-16 5.260164e+00 2.832396e+00
    endloop
  endfacet
  facet normal -2.119996e-01 -6.359987e-01 7.419985e-01
    outer loop
      vertex 1.623001e-16 4.552065e+00 2.225454e+00
      vertex 4.955264e-16 5.260164e+00 2.832396e+00
      vertex -4.046280e-01 4.450908e+00 2.023140e+00
    endloop
  endfacet
  facet normal -3.481553e-01 -3.481553e-01 8.703883e-01
    outer loop
      vertex 1.623001e-16 4.552065e+00 2.225454e+00
      vertex -4.046280e-01 4.450908e+00 2.023140e+00
      vertex 3.716448e-16 4.046280e+00 2.023140e+00
    endloop
  endfacet
  facet normal 3.481553e-01 -3.481553e-01 8.703883e-01
    outer loop
      vertex 1.623001e-16 4.552065e+00 2.225454e+00
      vertex 3.716448e-16 4.046280e+00 2.023140e+00
