solid surface_model
  facet normal -3.333333e-01 6.666667e-01 6.666667e-01
    outer loop
      vertex 1.480297e-16 2.038615e+00 2.038615e+00
      vertex 2.496583e-16 5.096538e-01 3.567576e+00
      vertex 1.019308e+00 1.019308e+00 3.567576e+00
    endloop
  endfacet
  facet normal -6.666667e-01 3.333333e-01 6.666667e-01
    outer loop
      vertex 1.480297e-16 2.038615e+00 2.038615e+00
      vertex 1.019308e+00 1.019308e+00 3.567576e+00
      vertex 1.528961e+00 2.038615e+00 3.567576e+00
    endloop
  endfacet
  facet normal -6.666667e-01 3.333333e-01 6.666667e-01
    outer loop
      vertex 1.480297e-16 2.038615e+00 2.038615e+00
      vertex 1.528961e+00 2.038615e+00 3.567576e+00
      vertex 1.528961e+00 3.057923e+00 3.057923e+00
    endloop
  endfacet
  facet normal -6.666667e-01 6.666667e-01 3.333333e-01
    outer loop
      vertex 1.480297e-16 2.038615e+00 2.038615e+00
      vertex 1.528961e+00 3.057923e+00 3.057923e+00
      vertex 1.528961e+00 3.567576e+00 2.038615e+00
    endloop
  endfacet
  facet normal -6.666667e-01 6.666667e-01 3.333333e-01
    outer loop
      vertex 1.480297e-16 2.038615e+00 2.038615e+00
      vertex 1.528961e+00 3.567576e+00 2.038615e+00
      vertex 1.019308e+00 3.567576e+00 1.019308e+00
    endloop
  endfacet
  facet normal -3.333333e-01 6.666667e-01 6.666667e-01
    outer loop
      vertex 1.480297e-16 2.038615e+00 2.038615e+00
      vertex 1.019308e+00 3.567576e+00 1.019308e+00
      vertex 2.496583e-16 3.567576e+00 5.096538e-01
    endloop
  endfacet
  facet normal -3.333333e-01 6.666667e-01 6.666667e-01
    outer loop
      vertex 1.480297e-16 2.038615e+00 2.038615e+00
      vertex 2.496583e-16 3.567576e+00 5.096538e-01
      vertex -1.019308e+00 3.057923e+00 5.096538e-01
    endloop
  endfacet
  facet normal -6.666667e-01 3.333333e-01 6.666667e-01
    outer loop
      vertex 1.480297e-16 2.038615e+00 2.038615e+00
      vertex -1.019308e+00 3.057923e+00 5.096538e-01
      vertex -1.528961e+00 2.038615e+00 5.096538e-01
    endloop
  endfacet
  facet normal -6.666667e-01 3.333333e-01 6.666667e-01
    outer loop
      vertex 1.480297e-16 2.038615e+00 2.038615e+00
      vertex -1.528961e+00 2.038615e+00 5.096538e-01
      vertex -1.528961e+00 1.019308e+00 1.019308e+00
    endloop
  endfacet
  facet normal -6.666667e-01 6.666667e-01 3.333333e-01
    outer loop
      vertex 1.480297e-16 2.038615e+00 2.038615e+00
      vertex -1.528961e+00 1.019308e+00 1.019308e+00
      vertex -1.528961e+00 5.096538e-01 2.038615e+00
    endloop
  endfacet
  facet normal -6.666667e-01 6.666667e-01 3.333333e-01
    outer loop
      vertex 1.480297e-16 2.038615e+00 2.038615e+00
      vertex -1.528961e+00 5.096538e-01 2.038615e+00
      vertex -1.019308e+00 5.096538e-01 3.057923e+00
    endloop
  endfacet
  facet normal -3.333333e-01 6.666667e-01 6.666667e-01
    outer loop
      vertex 1.480297e-16 2.038615e+00 2.038615e+00
      vertex -1.019308e+00 5.096538e-01 3.057923e+00
      vertex 2.496583e-16 5.096538e-01 3.567576e+00
    endloop
  endfacet
  facet normal -1.825742e-01 3.651484e-01 9.128709e-01
    outer loop
      vertex 3.822403e-01 3.822403e-01 3.694990e+00
      vertex 1.019308e+00 1.019308e+00 3.567576e+00
      vertex 2.496583e-16 5.096538e-01 3.567576e+00
    endloop
  endfacet
  facet normal 0.000000e+00 7.071068e-01 7.071068e-01
    outer loop
      vertex 3.822403e-01 3.822403e-01 3.694990e+00
      vertex 2.496583e-16 5.096538e-01 3.567576e+00
      vertex 2.496583e-16 2.496583e-16 4.077230e+00
    endloop
  endfacet
  facet normal 7.071068e-01 0.000000e+00 7.071068e-01
    outer loop
      vertex 3.822403e-01 3.822403e-01 3.694990e+00
      vertex 2.496583e-16 2.496583e-16 4.077230e+00
      vertex 5.096538e-01 2.184510e-16 3.567576e+00
    endloop
  endfacet
  facet normal 3.651484e-01 -1.825742e-01 9.128709e-01
    outer loop
      vertex 3.822403e-01 3.822403e-01 3.694990e+00
      vertex 5.096538e-01 2.184510e-16 3.567576e+00
      vertex 1.019308e+00 1.019308e+00 3.567576e+00
    endloop
  endfacet
  facet normal -1.825742e-01 9.128709e-01 3.651484e-01
    outer loop
      vertex -3.822403e-01 3.822403e-01 3.694990e+00
      vertex 2.496583e-16 5.096538e-01 3.567576e+00
      vertex -1.019308e+00 5.096538e-01 3.057923e+00
    endloop
  endfacet
  facet normal 3.651484e-01 9.128709e-01 -1.825742e-01
    outer loop
      vertex -3.822403e-01 3.822403e-01 3.694990e+00
      vertex -1.019308e+00 5.096538e-01 3.057923e+00
      vertex -5.096538e-01 5.096538e-01 4.077230e+00
    endloop
  endfacet
  facet normal 7.071068e-01 7.071068e-01 1.007450e-16
    outer loop
      vertex -3.822403e-01 3.822403e-01 3.694990e+00
      vertex -5.096538e-01 5.096538e-01 4.077230e+00
      vertex 2.496583e-16 2.496583e-16 4.077230e+00
    endloop
  endfacet
  facet normal 0.000000e+00 7.071068e-01 7.071068e-01
    outer loop
      vertex -3.822403e-01 3.822403e-01 3.694990e+00
      vertex 2.496583e-16 2.496583e-16 4.077230e+00
      vertex 2.496583e-16 5.096538e-01 3.567576e+00
    endloop
  endfacet
  facet normal -3.333333e-01 6.666667e-01 6.666667e-01
    outer loop
      vertex 8.154460e+00 2.038615e+00 2.038615e+00
      vertex 7.135153e+00 5.096538e-01 3.057923e+00
      vertex 8.154460e+00 5.096538e-01 3.567576e+00
    endloop
  endfacet
  facet normal -3.333333e-01 6.666667e-01 6.666667e-01
    outer loop
      vertex 8.154460e+00 2.038615e+00 2.038615e+00
      vertex 8.154460e+00 5.096538e-01 3.567576e+00
      vertex 9.173768e+00 1.019308e+00 3.567576e+00
    endloop
  endfacet
  facet normal -6.666667e-01 3.333333e-01 6.666667e-01
    outer loop
      vertex 8.154460e+00 2.038615e+00 2.038615e+00
      vertex 9.173768e+00 1.019308e+00 3.567576e+00
      vertex 9.683421e+00 2.038615e+00 3.567576e+00
    endloop
  endfacet
  facet normal -6.666667e-01 3.333333e-01 6.666667e-01
    outer loop
      vertex 8.154460e+00 2.038615e+00 2.038615e+00
      vertex 9.683421e+00 2.038615e+00 3.567576e+00
      vertex 9.683421e+00 3.057923e+00 3.057923e+00
    endloop
  endfacet
  facet normal -6.666667e-01 6.666667e-01 3.333333e-01
    outer loop
      vertex 8.154460e+00 2.038615e+00 2.038615e+00
      vertex 9.683421e+00 3.057923e+00 3.057923e+00
      vertex 9.683421e+00 3.567576e+00 2.038615e+00
    endloop
  endfacet
  facet normal -6.666667e-01 6.666667e-01 3.333333e-01
    outer loop
      vertex 8.154460e+00 2.038615e+00 2.038615e+00
      vertex 9.683421e+00 3.567576e+00 2.038615e+00
      vertex 9.173768e+00 3.567576e+00 1.019308e+00
    endloop
  endfacet
  facet normal -3.333333e-01 6.666667e-01 6.666667e-01
    outer loop
      vertex 8.154460e+00 2.038615e+00 2.038615e+00
      vertex 9.173768e+00 3.567576e+00 1.019308e+00
      vertex 8.154460e+00 3.567576e+00 5.096538e-01
    endloop
  endfacet
  facet normal -3.333333e-01 6.666667e-01 6.666667e-01
    outer loop
      vertex 8.154460e+00 2.038615e+00 2.038615e+00
      vertex 8.154460e+00 3.567576e+00 5.096538e-01
      vertex 7.135153e+00 3.057923e+00 5.096538e-01
    endloop
  endfacet
  facet normal -6.666667e-01 3.333333e-01 6.666667e-01
    outer loop
      vertex 8.154460e+00 2.038615e+00 2.038615e+00
      vertex 7.135153e+00 3.057923e+00 5.096538e-01
      vertex 6.625499e+00 2.038615e+00 5.096538e-01
    endloop
  endfacet
  facet normal -6.666667e-01 3.333333e-01 6.666667e-01
    outer loop
      vertex 8.154460e+00 2.038615e+00 2.038615e+00
      vertex 6.625499e+00 2.038615e+00 5.096538e-01
      vertex 6.625499e+00 1.019308e+00 1.019308e+00
    endloop
  endfacet
  facet normal -6.666667e-01 6.666667e-01 3.333333e-01
    outer loop
      vertex 8.154460e+00 2.038615e+00 2.038615e+00
      vertex 6.625499e+00 1.019308e+00 1.019308e+00
      vertex 6.625499e+00 5.096538e-01 2.038615e+00
    endloop
  endfacet
  facet normal -6.666667e-01 6.666667e-01 3.333333e-01
    outer loop
      vertex 8.154460e+00 2.038615e+00 2.038615e+00
      vertex 6.625499e+00 5.096538e-01 2.038615e+00
      vertex 7.135153e+00 5.096538e-01 3.057923e+00
    endloop
  endfacet
  facet normal -1.825742e-01 9.128709e-01 3.651484e-01
    outer loop
      vertex 3.822403e-01 3.694990e+00 3.822403e-01
      vertex 2.496583e-16 3.567576e+00 5.096538e-01
      vertex 1.019308e+00 3.567576e+00 1.019308e+00
    endloop
  endfacet
  facet normal 3.651484e-01 9.128709e-01 -1.825742e-01
    outer loop
      vertex 3.822403e-01 3.694990e+00 3.822403e-01
      vertex 1.019308e+00 3.567576e+00 1.019308e+00
      vertex 5.096538e-01 3.567576e+00 0.000000e+00
    endloop
  endfacet
  facet normal 7.071068e-01 7.071068e-01 0.000000e+00
    outer loop
      vertex 3.822403e-01 3.694990e+00 3.822403e-01
      vertex 5.096538e-01 3.567576e+00 0.000000e+00
      vertex 2.496583e-16 4.077230e+00 0.000000e+00
    endloop
  endfacet
  facet normal 0.000000e+00 7.071068e-01 7.071068e-01
    outer loop
      vertex 3.822403e-01 3.694990e+00 3.822403e-01
      vertex 2.496583e-16 4.077230e+00 0.000000e+00
      vertex 2.496583e-16 3.567576e+00 5.096538e-01
    endloop
  endfacet
  facet normal -1.825742e-01 3.651484e-01 9.128709e-01
    outer loop
      vertex 7.772220e+00 3.694990e+00 3.822403e-01
      vertex 7.135153e+00 3.057923e+00 5.096538e-01
      vertex 8.154460e+00 3.567576e+00 5.096538e-01
    endloop
  endfacet
  facet normal 0.000000e+00 7.071068e-01 7.071068e-01
    outer loop
      vertex 7.772220e+00 3.694990e+00 3.822403e-01
      vertex 8.154460e+00 3.567576e+00 5.096538e-01
      vertex 8.154460e+00 4.077230e+00 0.000000e+00
    endloop
  endfacet
  facet normal 7.071068e-01 -8.059601e-16 7.071068e-01
    outer loop
      vertex 7.772220e+00 3.694990e+00 3.822403e-01
      vertex 8.154460e+00 4.077230e+00 0.000000e+00
      vertex 7.644806e+00 4.077230e+00 5.096538e-01
    endloop
  endfacet
  facet normal 3.651484e-01 -1.825742e-01 9.128709e-01
    outer loop
      vertex 7.772220e+00 3.694990e+00 3.822403e-01
      vertex 7.644806e+00 4.077230e+00 5.096538e-01
      vertex 7.135153e+00 3.057923e+00 5.096538e-01
    endloop
  endfacet
  facet normal 6.666667e-01 -3.333333e-01 6.666667e-01
    outer loop
      vertex 2.038615e+00 3.700743e-17 2.038615e+00
      vertex 5.096538e-01 2.184510e-16 3.567576e+00
      vertex 5.096538e-01 -1.019308e+00 3.057923e+00
    endloop
  endfacet
  facet normal 6.666667e-01 -6.666667e-01 3.333333e-01
    outer loop
      vertex 2.038615e+00 3.700743e-17 2.038615e+00
      vertex 5.096538e-01 -1.019308e+00 3.057923e+00
      vertex 5.096538e-01 -1.528961e+00 2.038615e+00
    endloop
  endfacet
  facet normal 6.666667e-01 -6.666667e-01 3.333333e-01
    outer loop
      vertex 2.038615e+00 3.700743e-17 2.038615e+00
      vertex 5.096538e-01 -1.528961e+00 2.038615e+00
      vertex 1.019308e+00 -1.528961e+00 1.019308e+00
    endloop
  endfacet
  facet normal 3.333333e-01 -6.666667e-01 6.666667e-01
    outer loop
      vertex 2.038615e+00 3.700743e-17 2.038615e+00
      vertex 1.019308e+00 -1.528961e+00 1.019308e+00
      vertex 2.038615e+00 -1.528961e+00 5.096538e-01
    endloop
  endfacet
  facet normal 3.333333e-01 -6.666667e-01 6.666667e-01
    outer loop
      vertex 2.038615e+00 3.700743e-17 2.038615e+00
      vertex 2.038615e+00 -1.528961e+00 5.096538e-01
      vertex 3.057923e+00 -1.019308e+00 5.096538e-01
    endloop
  endfacet
  facet normal 6.666667e-01 -3.333333e-01 6.666667e-01
    outer loop
      vertex 2.038615e+00 3.700743e-17 2.038615e+00
      vertex 3.057923e+00 -1.019308e+00 5.096538e-01
      vertex 3.567576e+00 3.120729e-17 5.096538e-01
    endloop
  endfacet
  facet normal 6.666667e-01 -3.333333e-01 6.666667e-01
    outer loop
      vertex 2.038615e+00 3.700743e-17 2.038615e+00
      vertex 3.567576e+00 3.120729e-17 5.096538e-01
      vertex 3.567576e+00 1.019308e+00 1.019308e+00
    endloop
  endfacet
  facet normal 6.666667e-01 -6.666667e-01 3.333333e-01
    outer loop
      vertex 2.038615e+00 3.700743e-17 2.038615e+00
      vertex 3.567576e+00 1.019308e+00 1.019308e+00
      vertex 3.567576e+00 1.528961e+00 2.038615e+00
    endloop
  endfacet
  facet normal 6.666667e-01 -6.666667e-01 3.333333e-01
    outer loop
      vertex 2.038615e+00 3.700743e-17 2.038615e+00
      vertex 3.567576e+00 1.528961e+00 2.038615e+00
      vertex 3.057923e+00 1.528961e+00 3.057923e+00
    endloop
  endfacet
  facet normal 3.333333e-01 -6.666667e-01 6.666667e-01
    outer loop
      vertex 2.038615e+00 3.700743e-17 2.038615e+00
      vertex 3.057923e+00 1.528961e+00 3.057923e+00
      vertex 2.038615e+00 1.528961e+00 3.567576e+00
    endloop
  endfacet
  facet normal 3.333333e-01 -6.666667e-01 6.666667e-01
    outer loop
      vertex 2.038615e+00 3.700743e-17 2.038615e+00
      vertex 2.038615e+00 1.528961e+00 3.567576e+00
      vertex 1.019308e+00 1.019308e+00 3.567576e+00
    endloop
  endfacet
  facet normal 6.666667e-01 -3.333333e-01 6.666667e-01
    outer loop
      vertex 2.038615e+00 3.700743e-17 2.038615e+00
      vertex 1.019308e+00 1.019308e+00 3.567576e+00
      vertex 5.096538e-01 2.184510e-16 3.567576e+00
    endloop
  endfacet
  facet normal 9.128709e-01 -1.825742e-01 3.651484e-01
    outer loop
      vertex 3.822403e-01 7.772220e+00 3.694990e+00
      vertex 5.096538e-01 7.135153e+00 3.057923e+00
      vertex 5.096538e-01 8.154460e+00 3.567576e+00
    endloop
  endfacet
  facet normal 7.071068e-01 -2.518625e-17 7.071068e-01
    outer loop
      vertex 3.822403e-01 7.772220e+00 3.694990e+00
      vertex 5.096538e-01 8.154460e+00 3.567576e+00
      vertex 7.489750e-16 8.154460e+00 4.077230e+00
    endloop
  endfacet
  facet normal 7.071068e-01 7.071068e-01 -8.311463e-16
    outer loop
      vertex 3.822403e-01 7.772220e+00 3.694990e+00
      vertex 7.489750e-16 8.154460e+00 4.077230e+00
      vertex 5.096538e-01 7.644806e+00 4.077230e+00
    endloop
  endfacet
  facet normal 9.128709e-01 3.651484e-01 -1.825742e-01
    outer loop
      vertex 3.822403e-01 7.772220e+00 3.694990e+00
      vertex 5.096538e-01 7.644806e+00 4.077230e+00
      vertex 5.096538e-01 7.135153e+00 3.057923e+00
    endloop
  endfacet
  facet normal 9.128709e-01 3.651484e-01 -1.825742e-01
    outer loop
      vertex 3.822403e-01 3.694990e+00 -3.822403e-01
      vertex 5.096538e-01 3.567576e+00 0.000000e+00
      vertex 5.096538e-01 3.057923e+00 -1.019308e+00
    endloop
  endfacet
  facet normal 9.128709e-01 -1.825742e-01 3.651484e-01
    outer loop
      vertex 3.822403e-01 3.694990e+00 -3.822403e-01
      vertex 5.096538e-01 3.057923e+00 -1.019308e+00
      vertex 5.096538e-01 4.077230e+00 -5.096538e-01
    endloop
  endfacet
  facet normal 7.071068e-01 0.000000e+00 7.071068e-01
    outer loop
      vertex 3.822403e-01 3.694990e+00 -3.822403e-01
      vertex 5.096538e-01 4.077230e+00 -5.096538e-01
      vertex 2.496583e-16 4.077230e+00 0.000000e+00
    endloop
  endfacet
  facet normal 7.071068e-01 7.071068e-01 0.000000e+00
    outer loop
      vertex 3.822403e-01 3.694990e+00 -3.822403e-01
      vertex 2.496583e-16 4.077230e+00 0.000000e+00
      vertex 5.096538e-01 3.567576e+00 0.000000e+00
    endloop
  endfacet
  facet normal 6.666667e-01 6.666667e-01 -3.333333e-01
    outer loop
      vertex 2.038615e+00 2.038615e+00 8.154460e+00
      vertex 5.096538e-01 3.057923e+00 7.135153e+00
      vertex 5.096538e-01 3.567576e+00 8.154460e+00
    endloop
  endfacet
  facet normal 6.666667e-01 6.666667e-01 -3.333333e-01
    outer loop
      vertex 2.038615e+00 2.038615e+00 8.154460e+00
      vertex 5.096538e-01 3.567576e+00 8.154460e+00
      vertex 1.019308e+00 3.567576e+00 9.173768e+00
    endloop
  endfacet
  facet normal 3.333333e-01 6.666667e-01 -6.666667e-01
    outer loop
      vertex 2.038615e+00 2.038615e+00 8.154460e+00
      vertex 1.019308e+00 3.567576e+00 9.173768e+00
      vertex 2.038615e+00 3.567576e+00 9.683421e+00
    endloop
  endfacet
  facet normal 3.333333e-01 6.666667e-01 -6.666667e-01
    outer loop
      vertex 2.038615e+00 2.038615e+00 8.154460e+00
      vertex 2.038615e+00 3.567576e+00 9.683421e+00
      vertex 3.057923e+00 3.057923e+00 9.683421e+00
    endloop
  endfacet
  facet normal 6.666667e-01 3.333333e-01 -6.666667e-01
    outer loop
      vertex 2.038615e+00 2.038615e+00 8.154460e+00
      vertex 3.057923e+00 3.057923e+00 9.683421e+00
      vertex 3.567576e+00 2.038615e+00 9.683421e+00
    endloop
  endfacet
  facet normal 6.666667e-01 3.333333e-01 -6.666667e-01
    outer loop
      vertex 2.038615e+00 2.038615e+00 8.154460e+00
      vertex 3.567576e+00 2.038615e+00 9.683421e+00
      vertex 3.567576e+00 1.019308e+00 9.173768e+00
    endloop
  endfacet
  facet normal 6.666667e-01 6.666667e-01 -3.333333e-01
    outer loop
      vertex 2.038615e+00 2.038615e+00 8.154460e+00
      vertex 3.567576e+00 1.019308e+00 9.173768e+00
      vertex 3.567576e+00 5.096538e-01 8.154460e+00
    endloop
  endfacet
  facet normal 6.666667e-01 6.666667e-01 -3.333333e-01
    outer loop
      vertex 2.038615e+00 2.038615e+00 8.154460e+00
      vertex 3.567576e+00 5.096538e-01 8.154460e+00
      vertex 3.057923e+00 5.096538e-01 7.135153e+00
    endloop
  endfacet
  facet normal 3.333333e-01 6.666667e-01 -6.666667e-01
    outer loop
      vertex 2.038615e+00 2.038615e+00 8.154460e+00
      vertex 3.057923e+00 5.096538e-01 7.135153e+00
      vertex 2.038615e+00 5.096538e-01 6.625499e+00
    endloop
  endfacet
  facet normal 3.333333e-01 6.666667e-01 -6.666667e-01
    outer loop
      vertex 2.038615e+00 2.038615e+00 8.154460e+00
      vertex 2.038615e+00 5.096538e-01 6.625499e+00
      vertex 1.019308e+00 1.019308e+00 6.625499e+00
    endloop
  endfacet
  facet normal 6.666667e-01 3.333333e-01 -6.666667e-01
    outer loop
      vertex 2.038615e+00 2.038615e+00 8.154460e+00
      vertex 1.019308e+00 1.019308e+00 6.625499e+00
      vertex 5.096538e-01 2.038615e+00 6.625499e+00
    endloop
  endfacet
  facet normal 6.666667e-01 3.333333e-01 -6.666667e-01
    outer loop
      vertex 2.038615e+00 2.038615e+00 8.154460e+00
      vertex 5.096538e-01 2.038615e+00 6.625499e+00
      vertex 5.096538e-01 3.057923e+00 7.135153e+00
    endloop
  endfacet
  facet normal 6.666667e-01 6.666667e-01 -3.333333e-01
    outer loop
      vertex 2.038615e+00 2.038615e+00 0.000000e+00
      vertex 5.096538e-01 3.567576e+00 0.000000e+00
      vertex 1.019308e+00 3.567576e+00 1.019308e+00
    endloop
  endfacet
  facet normal 3.333333e-01 6.666667e-01 -6.666667e-01
    outer loop
      vertex 2.038615e+00 2.038615e+00 0.000000e+00
      vertex 1.019308e+00 3.567576e+00 1.019308e+00
      vertex 2.038615e+00 3.567576e+00 1.528961e+00
    endloop
  endfacet
  facet normal 3.333333e-01 6.666667e-01 -6.666667e-01
    outer loop
      vertex 2.038615e+00 2.038615e+00 0.000000e+00
      vertex 2.038615e+00 3.567576e+00 1.528961e+00
      vertex 3.057923e+00 3.057923e+00 1.528961e+00
    endloop
  endfacet
  facet normal 6.666667e-01 3.333333e-01 -6.666667e-01
    outer loop
      vertex 2.038615e+00 2.038615e+00 0.000000e+00
      vertex 3.057923e+00 3.057923e+00 1.528961e+00
      vertex 3.567576e+00 2.038615e+00 1.528961e+00
    endloop
  endfacet
  facet normal 6.666667e-01 3.333333e-01 -6.666667e-01
    outer loop
      vertex 2.038615e+00 2.038615e+00 0.000000e+00
      vertex 3.567576e+00 2.038615e+00 1.528961e+00
      vertex 3.567576e+00 1.019308e+00 1.019308e+00
    endloop
  endfacet
  facet normal 6.666667e-01 6.666667e-01 -3.333333e-01
    outer loop
      vertex 2.038615e+00 2.038615e+00 0.000000e+00
      vertex 3.567576e+00 1.019308e+00 1.019308e+00
      vertex 3.567576e+00 5.096538e-01 0.000000e+00
    endloop
  endfacet
  facet normal 6.666667e-01 6.666667e-01 -3.333333e-01
    outer loop
      vertex 2.038615e+00 2.038615e+00 0.000000e+00
      vertex 3.567576e+00 5.096538e-01 0.000000e+00
      vertex 3.057923e+00 5.096538e-01 -1.019308e+00
    endloop
  endfacet
  facet normal 3.333333e-01 6.666667e-01 -6.666667e-01
    outer loop
      vertex 2.038615e+00 2.038615e+00 0.000000e+00
      vertex 3.057923e+00 5.096538e-01 -1.019308e+00
      vertex 2.038615e+00 5.096538e-01 -1.528961e+00
    endloop
  endfacet
  facet normal 3.333333e-01 6.666667e-01 -6.666667e-01
    outer loop
      vertex 2.038615e+00 2.038615e+00 0.000000e+00
      vertex 2.038615e+00 5.096538e-01 -1.528961e+00
      vertex 1.019308e+00 1.019308e+00 -1.528961e+00
    endloop
  endfacet
  facet normal 6.666667e-01 3.333333e-01 -6.666667e-01
    outer loop
      vertex 2.038615e+00 2.038615e+00 0.000000e+00
      vertex 1.019308e+00 1.019308e+00 -1.528961e+00
      vertex 5.096538e-01 2.038615e+00 -1.528961e+00
    endloop
  endfacet
  facet normal 6.666667e-01 3.333333e-01 -6.666667e-01
    outer loop
      vertex 2.038615e+00 2.038615e+00 0.000000e+00
      vertex 5.096538e-01 2.038615e+00 -1.528961e+00
      vertex 5.096538e-01 3.057923e+00 -1.019308e+00
    endloop
  endfacet
  facet normal 6.666667e-01 6.666667e-01 -3.333333e-01
    outer loop
      vertex 2.038615e+00 2.038615e+00 0.000000e+00
      vertex 5.096538e-01 3.057923e+00 -1.019308e+00
      vertex 5.096538e-01 3.567576e+00 0.000000e+00
    endloop
  endfacet
  facet normal 3.651484e-01 -1.825742e-01 9.128709e-01
    outer loop
      vertex 3.694990e+00 -3.822403e-01 3.822403e-01
      vertex 3.567576e+00 3.120729e-17 5.096538e-01
      vertex 3.057923e+00 -1.019308e+00 5.096538e-01
    endloop
  endfacet
  facet normal -1.825742e-01 3.651484e-01 9.128709e-01
    outer loop
      vertex 3.694990e+00 -3.822403e-01 3.822403e-01
      vertex 3.057923e+00 -1.019308e+00 5.096538e-01
      vertex 4.077230e+00 -5.096538e-01 5.096538e-01
    endloop
  endfacet
  facet normal 0.000000e+00 7.071068e-01 7.071068e-01
    outer loop
      vertex 3.694990e+00 -3.822403e-01 3.822403e-01
      vertex 4.077230e+00 -5.096538e-01 5.096538e-01
      vertex 4.077230e+00 0.000000e+00 0.000000e+00
    endloop
  endfacet
  facet normal 7.071068e-01 0.000000e+00 7.071068e-01
    outer loop
      vertex 3.694990e+00 -3.822403e-01 3.822403e-01
      vertex 4.077230e+00 0.000000e+00 0.000000e+00
      vertex 3.567576e+00 3.120729e-17 5.096538e-01
    endloop
  endfacet
  facet normal 6.666667e-01 -3.333333e-01 6.666667e-01
    outer loop
      vertex 2.038615e+00 8.154460e+00 2.038615e+00
      vertex 3.057923e+00 7.135153e+00 5.096538e-01
      vertex 3.567576e+00 8.154460e+00 5.096538e-01
    endloop
  endfacet
  facet normal 6.666667e-01 -3.333333e-01 6.666667e-01
    outer loop
      vertex 2.038615e+00 8.154460e+00 2.038615e+00
      vertex 3.567576e+00 8.154460e+00 5.096538e-01
      vertex 3.567576e+00 9.173768e+00 1.019308e+00
    endloop
  endfacet
  facet normal 6.666667e-01 -6.666667e-01 3.333333e-01
    outer loop
      vertex 2.038615e+00 8.154460e+00 2.038615e+00
      vertex 3.567576e+00 9.173768e+00 1.019308e+00
      vertex 3.567576e+00 9.683421e+00 2.038615e+00
    endloop
  endfacet
  facet normal 6.666667e-01 -6.666667e-01 3.333333e-01
    outer loop
      vertex 2.038615e+00 8.154460e+00 2.038615e+00
      vertex 3.567576e+00 9.683421e+00 2.038615e+00
      vertex 3.057923e+00 9.683421e+00 3.057923e+00
    endloop
  endfacet
  facet normal 3.333333e-01 -6.666667e-01 6.666667e-01
    outer loop
      vertex 2.038615e+00 8.154460e+00 2.038615e+00
      vertex 3.057923e+00 9.683421e+00 3.057923e+00
      vertex 2.038615e+00 9.683421e+00 3.567576e+00
    endloop
  endfacet
  facet normal 3.333333e-01 -6.666667e-01 6.666667e-01
    outer loop
      vertex 2.038615e+00 8.154460e+00 2.038615e+00
      vertex 2.038615e+00 9.683421e+00 3.567576e+00
      vertex 1.019308e+00 9.173768e+00 3.567576e+00
    endloop
  endfacet
  facet normal 6.666667e-01 -3.333333e-01 6.666667e-01
    outer loop
      vertex 2.038615e+00 8.154460e+00 2.038615e+00
      vertex 1.019308e+00 9.173768e+00 3.567576e+00
      vertex 5.096538e-01 8.154460e+00 3.567576e+00
    endloop
  endfacet
  facet normal 6.666667e-01 -3.333333e-01 6.666667e-01
    outer loop
      vertex 2.038615e+00 8.154460e+00 2.038615e+00
      vertex 5.096538e-01 8.154460e+00 3.567576e+00
      vertex 5.096538e-01 7.135153e+00 3.057923e+00
    endloop
  endfacet
  facet normal 6.666667e-01 -6.666667e-01 3.333333e-01
    outer loop
      vertex 2.038615e+00 8.154460e+00 2.038615e+00
      vertex 5.096538e-01 7.135153e+00 3.057923e+00
      vertex 5.096538e-01 6.625499e+00 2.038615e+00
    endloop
  endfacet
  facet normal 6.666667e-01 -6.666667e-01 3.333333e-01
    outer loop
      vertex 2.038615e+00 8.154460e+00 2.038615e+00
      vertex 5.096538e-01 6.625499e+00 2.038615e+00
      vertex 1.019308e+00 6.625499e+00 1.019308e+00
    endloop
  endfacet
  facet normal 3.333333e-01 -6.666667e-01 6.666667e-01
    outer loop
      vertex 2.038615e+00 8.154460e+00 2.038615e+00
      vertex 1.019308e+00 6.625499e+00 1.019308e+00
      vertex 2.038615e+00 6.625499e+00 5.096538e-01
    endloop
  endfacet
  facet normal 3.333333e-01 -6.666667e-01 6.666667e-01
    outer loop
      vertex 2.038615e+00 8.154460e+00 2.038615e+00
      vertex 2.038615e+00 6.625499e+00 5.096538e-01
      vertex 3.057923e+00 7.135153e+00 5.096538e-01
    endloop
  endfacet
  facet normal 9.128709e-01 -1.825742e-01 3.651484e-01
    outer loop
      vertex 3.694990e+00 3.822403e-01 3.822403e-01
      vertex 3.567576e+00 1.019308e+00 1.019308e+00
      vertex 3.567576e+00 3.120729e-17 5.096538e-01
    endloop
  endfacet
  facet normal 7.071068e-01 0.000000e+00 7.071068e-01
    outer loop
      vertex 3.694990e+00 3.822403e-01 3.822403e-01
      vertex 3.567576e+00 3.120729e-17 5.096538e-01
      vertex 4.077230e+00 0.000000e+00 0.000000e+00
    endloop
  endfacet
  facet normal 7.071068e-01 7.071068e-01 0.000000e+00
    outer loop
      vertex 3.694990e+00 3.822403e-01 3.822403e-01
      vertex 4.077230e+00 0.000000e+00 0.000000e+00
      vertex 3.567576e+00 5.096538e-01 0.000000e+00
    endloop
  endfacet
  facet normal 9.128709e-01 3.651484e-01 -1.825742e-01
    outer loop
      vertex 3.694990e+00 3.822403e-01 3.822403e-01
      vertex 3.567576e+00 5.096538e-01 0.000000e+00
      vertex 3.567576e+00 1.019308e+00 1.019308e+00
    endloop
  endfacet
  facet normal 3.651484e-01 9.128709e-01 -1.825742e-01
    outer loop
      vertex 3.694990e+00 3.822403e-01 7.772220e+00
      vertex 3.057923e+00 5.096538e-01 7.135153e+00
      vertex 3.567576e+00 5.096538e-01 8.154460e+00
    endloop
  endfacet
  facet normal 7.071068e-01 7.071068e-01 -2.266763e-16
    outer loop
      vertex 3.694990e+00 3.822403e-01 7.772220e+00
      vertex 3.567576e+00 5.096538e-01 8.154460e+00
      vertex 4.077230e+00 4.993167e-16 8.154460e+00
    endloop
  endfacet
  facet normal -8.311463e-16 7.071068e-01 7.071068e-01
    outer loop
      vertex 3.694990e+00 3.822403e-01 7.772220e+00
      vertex 4.077230e+00 4.993167e-16 8.154460e+00
      vertex 4.077230e+00 5.096538e-01 7.644806e+00
    endloop
  endfacet
  facet normal -1.825742e-01 9.128709e-01 3.651484e-01
    outer loop
      vertex 3.694990e+00 3.822403e-01 7.772220e+00
      vertex 4.077230e+00 5.096538e-01 7.644806e+00
      vertex 3.057923e+00 5.096538e-01 7.135153e+00
    endloop
  endfacet
  facet normal -1.825742e-01 -9.128709e-01 -3.651484e-01
    outer loop
      vertex 3.822403e-01 2.420855e+00 5.733605e+00
      vertex 4.993167e-16 2.548269e+00 5.606191e+00
      vertex 1.019308e+00 2.548269e+00 5.096538e+00
    endloop
  endfacet
  facet normal 3.651484e-01 -9.128709e-01 1.825742e-01
    outer loop
      vertex 3.822403e-01 2.420855e+00 5.733605e+00
      vertex 1.019308e+00 2.548269e+00 5.096538e+00
      vertex 5.096538e-01 2.548269e+00 6.115845e+00
    endloop
  endfacet
  facet normal 7.071068e-01 -7.071068e-01 -2.518625e-17
    outer loop
      vertex 3.822403e-01 2.420855e+00 5.733605e+00
      vertex 5.096538e-01 2.548269e+00 6.115845e+00
      vertex 4.993167e-16 2.038615e+00 6.115845e+00
    endloop
  endfacet
  facet normal -8.059601e-16 -7.071068e-01 -7.071068e-01
    outer loop
      vertex 3.822403e-01 2.420855e+00 5.733605e+00
      vertex 4.993167e-16 2.038615e+00 6.115845e+00
      vertex 4.993167e-16 2.548269e+00 5.606191e+00
    endloop
  endfacet
  facet normal -3.333333e-01 -6.666667e-01 -6.666667e-01
    outer loop
      vertex 2.590520e-16 4.077230e+00 4.077230e+00
      vertex 1.019308e+00 2.548269e+00 5.096538e+00
      vertex 4.993167e-16 2.548269e+00 5.606191e+00
    endloop
  endfacet
  facet normal -3.333333e-01 -6.666667e-01 -6.666667e-01
    outer loop
      vertex 2.590520e-16 4.077230e+00 4.077230e+00
      vertex 4.993167e-16 2.548269e+00 5.606191e+00
      vertex -1.019308e+00 3.057923e+00 5.606191e+00
    endloop
  endfacet
  facet normal -6.666667e-01 -3.333333e-01 -6.666667e-01
    outer loop
      vertex 2.590520e-16 4.077230e+00 4.077230e+00
      vertex -1.019308e+00 3.057923e+00 5.606191e+00
      vertex -1.528961e+00 4.077230e+00 5.606191e+00
    endloop
  endfacet
  facet normal -6.666667e-01 -3.333333e-01 -6.666667e-01
    outer loop
      vertex 2.590520e-16 4.077230e+00 4.077230e+00
      vertex -1.528961e+00 4.077230e+00 5.606191e+00
      vertex -1.528961e+00 5.096538e+00 5.096538e+00
    endloop
  endfacet
  facet normal -6.666667e-01 -6.666667e-01 -3.333333e-01
    outer loop
      vertex 2.590520e-16 4.077230e+00 4.077230e+00
      vertex -1.528961e+00 5.096538e+00 5.096538e+00
      vertex -1.528961e+00 5.606191e+00 4.077230e+00
    endloop
  endfacet
  facet normal -6.666667e-01 -6.666667e-01 -3.333333e-01
    outer loop
      vertex 2.590520e-16 4.077230e+00 4.077230e+00
      vertex -1.528961e+00 5.606191e+00 4.077230e+00
      vertex -1.019308e+00 5.606191e+00 3.057923e+00
    endloop
  endfacet
  facet normal -3.333333e-01 -6.666667e-01 -6.666667e-01
    outer loop
      vertex 2.590520e-16 4.077230e+00 4.077230e+00
      vertex -1.019308e+00 5.606191e+00 3.057923e+00
      vertex 4.993167e-16 5.606191e+00 2.548269e+00
    endloop
  endfacet
  facet normal -3.333333e-01 -6.666667e-01 -6.666667e-01
    outer loop
      vertex 2.590520e-16 4.077230e+00 4.077230e+00
      vertex 4.993167e-16 5.606191e+00 2.548269e+00
      vertex 1.019308e+00 5.096538e+00 2.548269e+00
    endloop
  endfacet
  facet normal -6.666667e-01 -3.333333e-01 -6.666667e-01
    outer loop
      vertex 2.590520e-16 4.077230e+00 4.077230e+00
      vertex 1.019308e+00 5.096538e+00 2.548269e+00
      vertex 1.528961e+00 4.077230e+00 2.548269e+00
    endloop
  endfacet
  facet normal -6.666667e-01 -3.333333e-01 -6.666667e-01
    outer loop
      vertex 2.590520e-16 4.077230e+00 4.077230e+00
      vertex 1.528961e+00 4.077230e+00 2.548269e+00
      vertex 1.528961e+00 3.057923e+00 3.057923e+00
    endloop
  endfacet
  facet normal -6.666667e-01 -6.666667e-01 -3.333333e-01
    outer loop
      vertex 2.590520e-16 4.077230e+00 4.077230e+00
      vertex 1.528961e+00 3.057923e+00 3.057923e+00
      vertex 1.528961e+00 2.548269e+00 4.077230e+00
    endloop
  endfacet
  facet normal -6.666667e-01 -6.666667e-01 -3.333333e-01
    outer loop
      vertex 2.590520e-16 4.077230e+00 4.077230e+00
      vertex 1.528961e+00 2.548269e+00 4.077230e+00
      vertex 1.019308e+00 2.548269e+00 5.096538e+00
    endloop
  endfacet
  facet normal -1.825742e-01 -3.651484e-01 -9.128709e-01
    outer loop
      vertex 7.772220e+00 2.420855e+00 5.733605e+00
      vertex 7.135153e+00 3.057923e+00 5.606191e+00
      vertex 8.154460e+00 2.548269e+00 5.606191e+00
    endloop
  endfacet
  facet normal 8.059601e-16 -7.071068e-01 -7.071068e-01
    outer loop
      vertex 7.772220e+00 2.420855e+00 5.733605e+00
      vertex 8.154460e+00 2.548269e+00 5.606191e+00
      vertex 8.154460e+00 2.038615e+00 6.115845e+00
    endloop
  endfacet
  facet normal 7.071068e-01 0.000000e+00 -7.071068e-01
    outer loop
      vertex 7.772220e+00 2.420855e+00 5.733605e+00
      vertex 8.154460e+00 2.038615e+00 6.115845e+00
      vertex 7.644806e+00 2.038615e+00 5.606191e+00
    endloop
  endfacet
  facet normal 3.651484e-01 1.825742e-01 -9.128709e-01
    outer loop
      vertex 7.772220e+00 2.420855e+00 5.733605e+00
      vertex 7.644806e+00 2.038615e+00 5.606191e+00
      vertex 7.135153e+00 3.057923e+00 5.606191e+00
    endloop
  endfacet
  facet normal -1.825742e-01 -3.651484e-01 -9.128709e-01
    outer loop
      vertex 3.822403e-01 5.733605e+00 2.420855e+00
      vertex 1.019308e+00 5.096538e+00 2.548269e+00
      vertex 4.993167e-16 5.606191e+00 2.548269e+00
    endloop
  endfacet
  facet normal -8.059601e-16 -7.071068e-01 -7.071068e-01
    outer loop
      vertex 3.822403e-01 5.733605e+00 2.420855e+00
      vertex 4.993167e-16 5.606191e+00 2.548269e+00
      vertex 4.993167e-16 6.115845e+00 2.038615e+00
    endloop
  endfacet
  facet normal 7.071068e-01 -2.518625e-17 -7.071068e-01
    outer loop
      vertex 3.822403e-01 5.733605e+00 2.420855e+00
      vertex 4.993167e-16 6.115845e+00 2.038615e+00
      vertex 5.096538e-01 6.115845e+00 2.548269e+00
    endloop
  endfacet
  facet normal 3.651484e-01 1.825742e-01 -9.128709e-01
    outer loop
      vertex 3.822403e-01 5.733605e+00 2.420855e+00
      vertex 5.096538e-01 6.115845e+00 2.548269e+00
      vertex 1.019308e+00 5.096538e+00 2.548269e+00
    endloop
  endfacet
  facet normal -1.825742e-01 -9.128709e-01 -3.651484e-01
    outer loop
      vertex -3.822403e-01 5.733605e+00 2.420855e+00
      vertex 4.993167e-16 5.606191e+00 2.548269e+00
      vertex -1.019308e+00 5.606191e+00 3.057923e+00
    endloop
  endfacet
  facet normal 3.651484e-01 -9.128709e-01 1.825742e-01
    outer loop
      vertex -3.822403e-01 5.733605e+00 2.420855e+00
      vertex -1.019308e+00 5.606191e+00 3.057923e+00
      vertex -5.096538e-01 5.606191e+00 2.038615e+00
    endloop
  endfacet
  facet normal 7.071068e-01 -7.071068e-01 -1.007450e-15
    outer loop
      vertex -3.822403e-01 5.733605e+00 2.420855e+00
      vertex -5.096538e-01 5.606191e+00 2.038615e+00
      vertex 4.993167e-16 6.115845e+00 2.038615e+00
    endloop
  endfacet
  facet normal 8.059601e-16 -7.071068e-01 -7.071068e-01
    outer loop
      vertex -3.822403e-01 5.733605e+00 2.420855e+00
      vertex 4.993167e-16 6.115845e+00 2.038615e+00
      vertex 4.993167e-16 5.606191e+00 2.548269e+00
    endloop
  endfacet
  facet normal -3.333333e-01 -6.666667e-01 -6.666667e-01
    outer loop
      vertex 8.154460e+00 4.077230e+00 4.077230e+00
      vertex 7.135153e+00 5.606191e+00 3.057923e+00
      vertex 8.154460e+00 5.606191e+00 2.548269e+00
    endloop
  endfacet
  facet normal -3.333333e-01 -6.666667e-01 -6.666667e-01
    outer loop
      vertex 8.154460e+00 4.077230e+00 4.077230e+00
      vertex 8.154460e+00 5.606191e+00 2.548269e+00
      vertex 9.173768e+00 5.096538e+00 2.548269e+00
    endloop
  endfacet
  facet normal -6.666667e-01 -3.333333e-01 -6.666667e-01
    outer loop
      vertex 8.154460e+00 4.077230e+00 4.077230e+00
      vertex 9.173768e+00 5.096538e+00 2.548269e+00
      vertex 9.683421e+00 4.077230e+00 2.548269e+00
    endloop
  endfacet
  facet normal -6.666667e-01 -3.333333e-01 -6.666667e-01
    outer loop
      vertex 8.154460e+00 4.077230e+00 4.077230e+00
      vertex 9.683421e+00 4.077230e+00 2.548269e+00
      vertex 9.683421e+00 3.057923e+00 3.057923e+00
    endloop
  endfacet
  facet normal -6.666667e-01 -6.666667e-01 -3.333333e-01
    outer loop
      vertex 8.154460e+00 4.077230e+00 4.077230e+00
      vertex 9.683421e+00 3.057923e+00 3.057923e+00
      vertex 9.683421e+00 2.548269e+00 4.077230e+00
    endloop
  endfacet
  facet normal -6.666667e-01 -6.666667e-01 -3.333333e-01
    outer loop
      vertex 8.154460e+00 4.077230e+00 4.077230e+00
      vertex 9.683421e+00 2.548269e+00 4.077230e+00
      vertex 9.173768e+00 2.548269e+00 5.096538e+00
    endloop
  endfacet
  facet normal -3.333333e-01 -6.666667e-01 -6.666667e-01
    outer loop
      vertex 8.154460e+00 4.077230e+00 4.077230e+00
      vertex 9.173768e+00 2.548269e+00 5.096538e+00
      vertex 8.154460e+00 2.548269e+00 5.606191e+00
    endloop
  endfacet
  facet normal -3.333333e-01 -6.666667e-01 -6.666667e-01
    outer loop
      vertex 8.154460e+00 4.077230e+00 4.077230e+00
      vertex 8.154460e+00 2.548269e+00 5.606191e+00
      vertex 7.135153e+00 3.057923e+00 5.606191e+00
    endloop
  endfacet
  facet normal -6.666667e-01 -3.333333e-01 -6.666667e-01
    outer loop
      vertex 8.154460e+00 4.077230e+00 4.077230e+00
      vertex 7.135153e+00 3.057923e+00 5.606191e+00
      vertex 6.625499e+00 4.077230e+00 5.606191e+00
    endloop
  endfacet
  facet normal -6.666667e-01 -3.333333e-01 -6.666667e-01
    outer loop
      vertex 8.154460e+00 4.077230e+00 4.077230e+00
      vertex 6.625499e+00 4.077230e+00 5.606191e+00
      vertex 6.625499e+00 5.096538e+00 5.096538e+00
    endloop
  endfacet
  facet normal -6.666667e-01 -6.666667e-01 -3.333333e-01
    outer loop
      vertex 8.154460e+00 4.077230e+00 4.077230e+00
      vertex 6.625499e+00 5.096538e+00 5.096538e+00
      vertex 6.625499e+00 5.606191e+00 4.077230e+00
    endloop
  endfacet
  facet normal -6.666667e-01 -6.666667e-01 -3.333333e-01
    outer loop
      vertex 8.154460e+00 4.077230e+00 4.077230e+00
      vertex 6.625499e+00 5.606191e+00 4.077230e+00
      vertex 7.135153e+00 5.606191e+00 3.057923e+00
    endloop
  endfacet
  facet normal -6.666667e-01 -3.333333e-01 -6.666667e-01
    outer loop
      vertex 4.077230e+00 7.401487e-17 4.077230e+00
      vertex 2.548269e+00 3.432802e-16 5.606191e+00
      vertex 2.548269e+00 1.019308e+00 5.096538e+00
    endloop
  endfacet
  facet normal -6.666667e-01 -6.666667e-01 -3.333333e-01
    outer loop
      vertex 4.077230e+00 7.401487e-17 4.077230e+00
      vertex 2.548269e+00 1.019308e+00 5.096538e+00
      vertex 2.548269e+00 1.528961e+00 4.077230e+00
    endloop
  endfacet
  facet normal -6.666667e-01 -6.666667e-01 -3.333333e-01
    outer loop
      vertex 4.077230e+00 7.401487e-17 4.077230e+00
      vertex 2.548269e+00 1.528961e+00 4.077230e+00
      vertex 3.057923e+00 1.528961e+00 3.057923e+00
    endloop
  endfacet
  facet normal -3.333333e-01 -6.666667e-01 -6.666667e-01
    outer loop
      vertex 4.077230e+00 7.401487e-17 4.077230e+00
      vertex 3.057923e+00 1.528961e+00 3.057923e+00
      vertex 4.077230e+00 1.528961e+00 2.548269e+00
    endloop
  endfacet
  facet normal -3.333333e-01 -6.666667e-01 -6.666667e-01
    outer loop
      vertex 4.077230e+00 7.401487e-17 4.077230e+00
      vertex 4.077230e+00 1.528961e+00 2.548269e+00
      vertex 5.096538e+00 1.019308e+00 2.548269e+00
    endloop
  endfacet
  facet normal -6.666667e-01 -3.333333e-01 -6.666667e-01
    outer loop
      vertex 4.077230e+00 7.401487e-17 4.077230e+00
      vertex 5.096538e+00 1.019308e+00 2.548269e+00
      vertex 5.606191e+00 1.560365e-16 2.548269e+00
    endloop
  endfacet
  facet normal -6.666667e-01 -3.333333e-01 -6.666667e-01
    outer loop
      vertex 4.077230e+00 7.401487e-17 4.077230e+00
      vertex 5.606191e+00 1.560365e-16 2.548269e+00
      vertex 5.606191e+00 -1.019308e+00 3.057923e+00
    endloop
  endfacet
  facet normal -6.666667e-01 -6.666667e-01 -3.333333e-01
    outer loop
      vertex 4.077230e+00 7.401487e-17 4.077230e+00
      vertex 5.606191e+00 -1.019308e+00 3.057923e+00
      vertex 5.606191e+00 -1.528961e+00 4.077230e+00
    endloop
  endfacet
  facet normal -6.666667e-01 -6.666667e-01 -3.333333e-01
    outer loop
      vertex 4.077230e+00 7.401487e-17 4.077230e+00
      vertex 5.606191e+00 -1.528961e+00 4.077230e+00
      vertex 5.096537e+00 -1.528961e+00 5.096538e+00
    endloop
  endfacet
  facet normal -3.333333e-01 -6.666667e-01 -6.666667e-01
    outer loop
      vertex 4.077230e+00 7.401487e-17 4.077230e+00
      vertex 5.096537e+00 -1.528961e+00 5.096538e+00
      vertex 4.077230e+00 -1.528961e+00 5.606191e+00
    endloop
  endfacet
  facet normal -3.333333e-01 -6.666667e-01 -6.666667e-01
    outer loop
      vertex 4.077230e+00 7.401487e-17 4.077230e+00
      vertex 4.077230e+00 -1.528961e+00 5.606191e+00
      vertex 3.057923e+00 -1.019308e+00 5.606191e+00
    endloop
  endfacet
  facet normal -6.666667e-01 -3.333333e-01 -6.666667e-01
    outer loop
      vertex 4.077230e+00 7.401487e-17 4.077230e+00
      vertex 3.057923e+00 -1.019308e+00 5.606191e+00
      vertex 2.548269e+00 3.432802e-16 5.606191e+00
