solid surface_model
  facet normal 4.368458e-01 4.368458e-01 -7.863406e-01
    outer loop
      vertex 1.110223e-16 7.401487e-17 5.966884e+00
      vertex 3.978444e-01 7.955509e-01 6.629866e+00
      vertex 7.955509e-01 3.978444e-01 6.629866e+00
    endloop
  endfacet
  facet normal 5.947625e-01 1.321160e-01 -7.929709e-01
    outer loop
      vertex 1.110223e-16 7.401487e-17 5.966884e+00
      vertex 7.955509e-01 3.978444e-01 6.629866e+00
      vertex 2.651836e-01 -3.978444e-01 6.099499e+00
    endloop
  endfacet
  facet normal 7.589995e-01 3.161922e-01 -5.691592e-01
    outer loop
      vertex 1.110223e-16 7.401487e-17 5.966884e+00
      vertex 2.651836e-01 -3.978444e-01 6.099499e+00
      vertex -2.651836e-01 -7.955509e-01 5.171288e+00
    endloop
  endfacet
  facet normal 5.145097e-01 5.145097e-01 -6.859734e-01
    outer loop
      vertex 1.110223e-16 7.401487e-17 5.966884e+00
      vertex -2.651836e-01 -7.955509e-01 5.171288e+00
      vertex -7.955509e-01 -2.651836e-01 5.171288e+00
    endloop
  endfacet
  facet normal 3.161922e-01 7.589995e-01 -5.691592e-01
    outer loop
      vertex 1.110223e-16 7.401487e-17 5.966884e+00
      vertex -7.955509e-01 -2.651836e-01 5.171288e+00
      vertex -3.978444e-01 2.651836e-01 6.099499e+00
    endloop
  endfacet
  facet normal 1.321160e-01 5.947625e-01 -7.929709e-01
    outer loop
      vertex 1.110223e-16 7.401487e-17 5.966884e+00
      vertex -3.978444e-01 2.651836e-01 6.099499e+00
      vertex 3.978444e-01 7.955509e-01 6.629866e+00
    endloop
  endfacet
  facet normal 1.160483e-01 1.160483e-01 -9.864409e-01
    outer loop
      vertex 1.723763e+00 1.723763e+00 6.895050e+00
      vertex 7.955509e-01 3.978444e-01 6.629866e+00
      vertex 3.978444e-01 7.955509e-01 6.629866e+00
    endloop
  endfacet
  facet normal -2.285199e-01 5.549526e-01 -7.998789e-01
    outer loop
      vertex 1.723763e+00 1.723763e+00 6.895050e+00
      vertex 3.978444e-01 7.955509e-01 6.629866e+00
      vertex 7.955509e-01 1.723763e+00 7.160234e+00
    endloop
  endfacet
  facet normal -2.648896e-01 2.648896e-01 -9.271823e-01
    outer loop
      vertex 1.723763e+00 1.723763e+00 6.895050e+00
      vertex 7.955509e-01 1.723763e+00 7.160234e+00
      vertex 1.723763e+00 2.651974e+00 7.160234e+00
    endloop
  endfacet
  facet normal -5.549526e-01 2.285199e-01 -7.998789e-01
    outer loop
      vertex 1.723763e+00 1.723763e+00 6.895050e+00
      vertex 1.723763e+00 2.651974e+00 7.160234e+00
      vertex 2.651974e+00 3.049681e+00 6.629866e+00
    endloop
  endfacet
  facet normal -1.160483e-01 -1.160483e-01 -9.864409e-01
    outer loop
      vertex 1.723763e+00 1.723763e+00 6.895050e+00
      vertex 2.651974e+00 3.049681e+00 6.629866e+00
      vertex 3.049681e+00 2.651974e+00 6.629866e+00
    endloop
  endfacet
  facet normal 2.285199e-01 -5.549526e-01 -7.998789e-01
    outer loop
      vertex 1.723763e+00 1.723763e+00 6.895050e+00
      vertex 3.049681e+00 2.651974e+00 6.629866e+00
      vertex 2.651974e+00 1.723763e+00 7.160234e+00
    endloop
  endfacet
  facet normal 2.648896e-01 -2.648896e-01 -9.271823e-01
    outer loop
      vertex 1.723763e+00 1.723763e+00 6.895050e+00
      vertex 2.651974e+00 1.723763e+00 7.160234e+00
      vertex 1.723763e+00 7.955509e-01 7.160234e+00
    endloop
  endfacet
  facet normal 5.549526e-01 -2.285199e-01 -7.998789e-01
    outer loop
      vertex 1.723763e+00 1.723763e+00 6.895050e+00
      vertex 1.723763e+00 7.955509e-01 7.160234e+00
      vertex 7.955509e-01 3.978444e-01 6.629866e+00
    endloop
  endfacet
  facet normal 1.160483e-01 -9.864409e-01 1.160483e-01
    outer loop
      vertex 1.723763e+00 6.895050e+00 1.723762e+00
      vertex 3.978444e-01 6.629866e+00 7.955509e-01
      vertex 7.955509e-01 6.629866e+00 3.978444e-01
    endloop
  endfacet
  facet normal 5.549526e-01 -7.998789e-01 -2.285199e-01
    outer loop
      vertex 1.723763e+00 6.895050e+00 1.723762e+00
      vertex 7.955509e-01 6.629866e+00 3.978444e-01
      vertex 1.723763e+00 7.160234e+00 7.955509e-01
    endloop
  endfacet
  facet normal 2.648896e-01 -9.271823e-01 -2.648896e-01
    outer loop
      vertex 1.723763e+00 6.895050e+00 1.723762e+00
      vertex 1.723763e+00 7.160234e+00 7.955509e-01
      vertex 2.651974e+00 7.160234e+00 1.723763e+00
    endloop
  endfacet
  facet normal 2.285199e-01 -7.998789e-01 -5.549526e-01
    outer loop
      vertex 1.723763e+00 6.895050e+00 1.723762e+00
      vertex 2.651974e+00 7.160234e+00 1.723763e+00
      vertex 3.049681e+00 6.629866e+00 2.651974e+00
    endloop
  endfacet
  facet normal -1.160483e-01 -9.864409e-01 -1.160483e-01
    outer loop
      vertex 1.723763e+00 6.895050e+00 1.723762e+00
      vertex 3.049681e+00 6.629866e+00 2.651974e+00
      vertex 2.651974e+00 6.629866e+00 3.049681e+00
    endloop
  endfacet
  facet normal -5.549526e-01 -7.998789e-01 2.285199e-01
    outer loop
      vertex 1.723763e+00 6.895050e+00 1.723762e+00
      vertex 2.651974e+00 6.629866e+00 3.049681e+00
      vertex 1.723763e+00 7.160234e+00 2.651974e+00
    endloop
  endfacet
  facet normal -2.648896e-01 -9.271823e-01 2.648896e-01
    outer loop
      vertex 1.723763e+00 6.895050e+00 1.723762e+00
      vertex 1.723763e+00 7.160234e+00 2.651974e+00
      vertex 7.955509e-01 7.160234e+00 1.723763e+00
    endloop
  endfacet
  facet normal -2.285199e-01 -7.998789e-01 5.549526e-01
    outer loop
      vertex 1.723763e+00 6.895050e+00 1.723762e+00
      vertex 7.955509e-01 7.160234e+00 1.723763e+00
      vertex 3.978444e-01 6.629866e+00 7.955509e-01
    endloop
  endfacet
  facet normal 4.368458e-01 -7.863406e-01 4.368458e-01
    outer loop
      vertex 1.110223e-16 5.966884e+00 -1.110223e-16
      vertex 7.955509e-01 6.629866e+00 3.978444e-01
      vertex 3.978444e-01 6.629866e+00 7.955509e-01
    endloop
  endfacet
  facet normal 1.321160e-01 -7.929709e-01 5.947625e-01
    outer loop
      vertex 1.110223e-16 5.966884e+00 -1.110223e-16
      vertex 3.978444e-01 6.629866e+00 7.955509e-01
      vertex -3.978444e-01 6.099499e+00 2.651836e-01
    endloop
  endfacet
  facet normal 3.161922e-01 -5.691592e-01 7.589995e-01
    outer loop
      vertex 1.110223e-16 5.966884e+00 -1.110223e-16
      vertex -3.978444e-01 6.099499e+00 2.651836e-01
      vertex -7.955509e-01 5.171288e+00 -2.651836e-01
    endloop
  endfacet
  facet normal 5.145097e-01 -6.859734e-01 5.145097e-01
    outer loop
      vertex 1.110223e-16 5.966884e+00 -1.110223e-16
      vertex -7.955509e-01 5.171288e+00 -2.651836e-01
      vertex -2.651836e-01 5.171288e+00 -7.955509e-01
    endloop
  endfacet
  facet normal 7.589995e-01 -5.691592e-01 3.161922e-01
    outer loop
      vertex 1.110223e-16 5.966884e+00 -1.110223e-16
      vertex -2.651836e-01 5.171288e+00 -7.955509e-01
      vertex 2.651836e-01 6.099499e+00 -3.978444e-01
    endloop
  endfacet
  facet normal 5.947625e-01 -7.929709e-01 1.321160e-01
    outer loop
      vertex 1.110223e-16 5.966884e+00 -1.110223e-16
      vertex 2.651836e-01 6.099499e+00 -3.978444e-01
      vertex 7.955509e-01 6.629866e+00 3.978444e-01
    endloop
  endfacet
  facet normal -7.863406e-01 4.368458e-01 4.368458e-01
    outer loop
      vertex 5.966884e+00 -1.110223e-16 -1.017704e-16
      vertex 6.629866e+00 3.978444e-01 7.955509e-01
      vertex 6.629866e+00 7.955509e-01 3.978444e-01
    endloop
  endfacet
  facet normal -7.929709e-01 5.947625e-01 1.321160e-01
    outer loop
      vertex 5.966884e+00 -1.110223e-16 -1.017704e-16
      vertex 6.629866e+00 7.955509e-01 3.978444e-01
      vertex 6.099499e+00 2.651836e-01 -3.978444e-01
    endloop
  endfacet
  facet normal -5.691592e-01 7.589995e-01 3.161922e-01
    outer loop
      vertex 5.966884e+00 -1.110223e-16 -1.017704e-16
      vertex 6.099499e+00 2.651836e-01 -3.978444e-01
      vertex 5.171288e+00 -2.651836e-01 -7.955509e-01
    endloop
  endfacet
  facet normal -6.859734e-01 5.145097e-01 5.145097e-01
    outer loop
      vertex 5.966884e+00 -1.110223e-16 -1.017704e-16
      vertex 5.171288e+00 -2.651836e-01 -7.955509e-01
      vertex 5.171288e+00 -7.955509e-01 -2.651836e-01
    endloop
  endfacet
  facet normal -5.691592e-01 3.161922e-01 7.589995e-01
    outer loop
      vertex 5.966884e+00 -1.110223e-16 -1.017704e-16
      vertex 5.171288e+00 -7.955509e-01 -2.651836e-01
      vertex 6.099499e+00 -3.978444e-01 2.651836e-01
    endloop
  endfacet
  facet normal -7.929709e-01 1.321160e-01 5.947625e-01
    outer loop
      vertex 5.966884e+00 -1.110223e-16 -1.017704e-16
      vertex 6.099499e+00 -3.978444e-01 2.651836e-01
      vertex 6.629866e+00 3.978444e-01 7.955509e-01
    endloop
  endfacet
  facet normal -9.864409e-01 1.160483e-01 1.160483e-01
    outer loop
      vertex 6.895050e+00 1.723762e+00 1.723762e+00
      vertex 6.629866e+00 7.955509e-01 3.978444e-01
      vertex 6.629866e+00 3.978444e-01 7.955509e-01
    endloop
  endfacet
  facet normal -7.998789e-01 -2.285199e-01 5.549526e-01
    outer loop
      vertex 6.895050e+00 1.723762e+00 1.723762e+00
      vertex 6.629866e+00 3.978444e-01 7.955509e-01
      vertex 7.160234e+00 7.955509e-01 1.723763e+00
    endloop
  endfacet
  facet normal -9.271823e-01 -2.648896e-01 2.648896e-01
    outer loop
      vertex 6.895050e+00 1.723762e+00 1.723762e+00
      vertex 7.160234e+00 7.955509e-01 1.723763e+00
      vertex 7.160234e+00 1.723763e+00 2.651974e+00
    endloop
  endfacet
  facet normal -7.998789e-01 -5.549526e-01 2.285199e-01
    outer loop
      vertex 6.895050e+00 1.723762e+00 1.723762e+00
      vertex 7.160234e+00 1.723763e+00 2.651974e+00
      vertex 6.629866e+00 2.651974e+00 3.049681e+00
    endloop
  endfacet
  facet normal -9.864409e-01 -1.160483e-01 -1.160483e-01
    outer loop
      vertex 6.895050e+00 1.723762e+00 1.723762e+00
      vertex 6.629866e+00 2.651974e+00 3.049681e+00
      vertex 6.629866e+00 3.049681e+00 2.651974e+00
    endloop
  endfacet
  facet normal -7.998789e-01 2.285199e-01 -5.549526e-01
    outer loop
      vertex 6.895050e+00 1.723762e+00 1.723762e+00
      vertex 6.629866e+00 3.049681e+00 2.651974e+00
      vertex 7.160234e+00 2.651974e+00 1.723763e+00
    endloop
  endfacet
  facet normal -9.271823e-01 2.648896e-01 -2.648896e-01
    outer loop
      vertex 6.895050e+00 1.723762e+00 1.723762e+00
      vertex 7.160234e+00 2.651974e+00 1.723763e+00
      vertex 7.160234e+00 1.723763e+00 7.955509e-01
    endloop
  endfacet
  facet normal -7.998789e-01 5.549526e-01 -2.285199e-01
    outer loop
      vertex 6.895050e+00 1.723762e+00 1.723762e+00
      vertex 7.160234e+00 1.723763e+00 7.955509e-01
      vertex 6.629866e+00 7.955509e-01 3.978444e-01
    endloop
  endfacet
  facet normal -4.368458e-01 -4.368458e-01 -7.863406e-01
    outer loop
      vertex 3.447525e+00 3.447525e+00 5.966884e+00
      vertex 3.049681e+00 2.651974e+00 6.629866e+00
      vertex 2.651974e+00 3.049681e+00 6.629866e+00
    endloop
  endfacet
  facet normal -5.947625e-01 -1.321160e-01 -7.929709e-01
    outer loop
      vertex 3.447525e+00 3.447525e+00 5.966884e+00
      vertex 2.651974e+00 3.049681e+00 6.629866e+00
      vertex 3.182341e+00 3.845369e+00 6.099499e+00
    endloop
  endfacet
  facet normal -7.589995e-01 -3.161922e-01 -5.691592e-01
    outer loop
      vertex 3.447525e+00 3.447525e+00 5.966884e+00
      vertex 3.182341e+00 3.845369e+00 6.099499e+00
      vertex 3.712709e+00 4.243076e+00 5.171288e+00
    endloop
  endfacet
  facet normal -5.145097e-01 -5.145097e-01 -6.859734e-01
    outer loop
      vertex 3.447525e+00 3.447525e+00 5.966884e+00
      vertex 3.712709e+00 4.243076e+00 5.171288e+00
      vertex 4.243076e+00 3.712709e+00 5.171288e+00
    endloop
  endfacet
  facet normal -3.161922e-01 -7.589995e-01 -5.691592e-01
    outer loop
      vertex 3.447525e+00 3.447525e+00 5.966884e+00
      vertex 4.243076e+00 3.712709e+00 5.171288e+00
      vertex 3.845369e+00 3.182341e+00 6.099499e+00
    endloop
  endfacet
  facet normal -1.321160e-01 -5.947625e-01 -7.929709e-01
    outer loop
      vertex 3.447525e+00 3.447525e+00 5.966884e+00
      vertex 3.845369e+00 3.182341e+00 6.099499e+00
      vertex 3.049681e+00 2.651974e+00 6.629866e+00
    endloop
  endfacet
  facet normal -4.368458e-01 -7.863406e-01 -4.368458e-01
    outer loop
      vertex 3.447525e+00 5.966884e+00 3.447525e+00
      vertex 2.651974e+00 6.629866e+00 3.049681e+00
      vertex 3.049681e+00 6.629866e+00 2.651974e+00
    endloop
  endfacet
  facet normal -1.321160e-01 -7.929709e-01 -5.947625e-01
    outer loop
      vertex 3.447525e+00 5.966884e+00 3.447525e+00
      vertex 3.049681e+00 6.629866e+00 2.651974e+00
      vertex 3.845369e+00 6.099499e+00 3.182341e+00
    endloop
  endfacet
  facet normal -3.161922e-01 -5.691592e-01 -7.589995e-01
    outer loop
      vertex 3.447525e+00 5.966884e+00 3.447525e+00
      vertex 3.845369e+00 6.099499e+00 3.182341e+00
      vertex 4.243076e+00 5.171288e+00 3.712709e+00
    endloop
  endfacet
  facet normal -5.145097e-01 -6.859734e-01 -5.145097e-01
    outer loop
      vertex 3.447525e+00 5.966884e+00 3.447525e+00
      vertex 4.243076e+00 5.171288e+00 3.712709e+00
      vertex 3.712709e+00 5.171288e+00 4.243076e+00
    endloop
  endfacet
  facet normal -7.589995e-01 -5.691592e-01 -3.161922e-01
    outer loop
      vertex 3.447525e+00 5.966884e+00 3.447525e+00
      vertex 3.712709e+00 5.171288e+00 4.243076e+00
      vertex 3.182341e+00 6.099499e+00 3.845369e+00
    endloop
  endfacet
  facet normal -5.947625e-01 -7.929709e-01 -1.321160e-01
    outer loop
      vertex 3.447525e+00 5.966884e+00 3.447525e+00
      vertex 3.182341e+00 6.099499e+00 3.845369e+00
      vertex 2.651974e+00 6.629866e+00 3.049681e+00
    endloop
  endfacet
  facet normal -7.863406e-01 -4.368458e-01 -4.368458e-01
    outer loop
      vertex 5.966884e+00 3.447525e+00 3.447525e+00
      vertex 6.629866e+00 3.049681e+00 2.651974e+00
      vertex 6.629866e+00 2.651974e+00 3.049681e+00
    endloop
  endfacet
  facet normal -7.929709e-01 -5.947625e-01 -1.321160e-01
    outer loop
      vertex 5.966884e+00 3.447525e+00 3.447525e+00
      vertex 6.629866e+00 2.651974e+00 3.049681e+00
      vertex 6.099499e+00 3.182341e+00 3.845369e+00
    endloop
  endfacet
  facet normal -5.691592e-01 -7.589995e-01 -3.161922e-01
    outer loop
      vertex 5.966884e+00 3.447525e+00 3.447525e+00
      vertex 6.099499e+00 3.182341e+00 3.845369e+00
      vertex 5.171288e+00 3.712709e+00 4.243076e+00
    endloop
  endfacet
  facet normal -6.859734e-01 -5.145097e-01 -5.145097e-01
    outer loop
      vertex 5.966884e+00 3.447525e+00 3.447525e+00
      vertex 5.171288e+00 3.712709e+00 4.243076e+00
      vertex 5.171288e+00 4.243076e+00 3.712709e+00
    endloop
  endfacet
  facet normal -5.691592e-01 -3.161922e-01 -7.589995e-01
    outer loop
      vertex 5.966884e+00 3.447525e+00 3.447525e+00
      vertex 5.171288e+00 4.243076e+00 3.712709e+00
      vertex 6.099499e+00 3.845369e+00 3.182341e+00
    endloop
  endfacet
  facet normal -7.929709e-01 -1.321160e-01 -5.947625e-01
    outer loop
      vertex 5.966884e+00 3.447525e+00 3.447525e+00
      vertex 6.099499e+00 3.845369e+00 3.182341e+00
      vertex 6.629866e+00 3.049681e+00 2.651974e+00
    endloop
  endfacet
  facet normal -9.864409e-01 1.160483e-01 -1.160483e-01
    outer loop
      vertex 3.447525e+00 5.171288e+00 5.171288e+00
      vertex 3.182341e+00 3.845369e+00 6.099499e+00
      vertex 3.182341e+00 4.243076e+00 6.497206e+00
    endloop
  endfacet
  facet normal -7.998789e-01 5.549526e-01 2.285199e-01
    outer loop
      vertex 3.447525e+00 5.171288e+00 5.171288e+00
      vertex 3.182341e+00 4.243076e+00 6.497206e+00
      vertex 3.712709e+00 5.171288e+00 6.099499e+00
    endloop
  endfacet
  facet normal -9.271823e-01 2.648896e-01 2.648896e-01
    outer loop
      vertex 3.447525e+00 5.171288e+00 5.171288e+00
      vertex 3.712709e+00 5.171288e+00 6.099499e+00
      vertex 3.712709e+00 6.099499e+00 5.171288e+00
    endloop
  endfacet
  facet normal -7.998789e-01 2.285199e-01 5.549526e-01
    outer loop
      vertex 3.447525e+00 5.171288e+00 5.171288e+00
      vertex 3.712709e+00 6.099499e+00 5.171288e+00
      vertex 3.182341e+00 6.497206e+00 4.243076e+00
    endloop
  endfacet
  facet normal -9.864409e-01 -1.160483e-01 1.160483e-01
    outer loop
      vertex 3.447525e+00 5.171288e+00 5.171288e+00
      vertex 3.182341e+00 6.497206e+00 4.243076e+00
      vertex 3.182341e+00 6.099499e+00 3.845369e+00
    endloop
  endfacet
  facet normal -7.998789e-01 -5.549526e-01 -2.285199e-01
    outer loop
      vertex 3.447525e+00 5.171288e+00 5.171288e+00
      vertex 3.182341e+00 6.099499e+00 3.845369e+00
      vertex 3.712709e+00 5.171288e+00 4.243076e+00
    endloop
  endfacet
  facet normal -9.271823e-01 -2.648896e-01 -2.648896e-01
    outer loop
      vertex 3.447525e+00 5.171288e+00 5.171288e+00
      vertex 3.712709e+00 5.171288e+00 4.243076e+00
      vertex 3.712709e+00 4.243076e+00 5.171288e+00
    endloop
  endfacet
  facet normal -7.998789e-01 -2.285199e-01 -5.549526e-01
    outer loop
      vertex 3.447525e+00 5.171288e+00 5.171288e+00
      vertex 3.712709e+00 4.243076e+00 5.171288e+00
      vertex 3.182341e+00 3.845369e+00 6.099499e+00
    endloop
  endfacet
  facet normal -7.863406e-01 4.368458e-01 -4.368458e-01
    outer loop
      vertex 2.519359e+00 3.447525e+00 6.895050e+00
      vertex 3.182341e+00 4.243076e+00 6.497206e+00
      vertex 3.182341e+00 3.845369e+00 6.099499e+00
    endloop
  endfacet
  facet normal -7.929709e-01 1.321160e-01 -5.947625e-01
    outer loop
      vertex 2.519359e+00 3.447525e+00 6.895050e+00
      vertex 3.182341e+00 3.845369e+00 6.099499e+00
      vertex 2.651974e+00 3.049681e+00 6.629866e+00
    endloop
  endfacet
  facet normal -5.691592e-01 3.161922e-01 -7.589995e-01
    outer loop
      vertex 2.519359e+00 3.447525e+00 6.895050e+00
      vertex 2.651974e+00 3.049681e+00 6.629866e+00
      vertex 1.723763e+00 2.651974e+00 7.160234e+00
    endloop
  endfacet
  facet normal -6.859734e-01 5.145097e-01 -5.145097e-01
    outer loop
      vertex 2.519359e+00 3.447525e+00 6.895050e+00
      vertex 1.723763e+00 2.651974e+00 7.160234e+00
      vertex 1.723763e+00 3.182341e+00 7.690601e+00
    endloop
  endfacet
  facet normal -5.691592e-01 7.589995e-01 -3.161922e-01
    outer loop
      vertex 2.519359e+00 3.447525e+00 6.895050e+00
      vertex 1.723763e+00 3.182341e+00 7.690601e+00
      vertex 2.651974e+00 3.712709e+00 7.292894e+00
    endloop
  endfacet
  facet normal -7.929709e-01 5.947625e-01 -1.321160e-01
    outer loop
      vertex 2.519359e+00 3.447525e+00 6.895050e+00
      vertex 2.651974e+00 3.712709e+00 7.292894e+00
      vertex 3.182341e+00 4.243076e+00 6.497206e+00
    endloop
  endfacet
  facet normal -7.863406e-01 -4.368458e-01 4.368458e-01
    outer loop
      vertex 2.519359e+00 6.895050e+00 3.447525e+00
      vertex 3.182341e+00 6.099499e+00 3.845369e+00
      vertex 3.182341e+00 6.497206e+00 4.243076e+00
    endloop
  endfacet
  facet normal -7.929709e-01 -1.321160e-01 5.947625e-01
    outer loop
      vertex 2.519359e+00 6.895050e+00 3.447525e+00
      vertex 3.182341e+00 6.497206e+00 4.243076e+00
      vertex 2.651974e+00 7.292894e+00 3.712709e+00
    endloop
  endfacet
  facet normal -5.691592e-01 -3.161922e-01 7.589995e-01
    outer loop
      vertex 2.519359e+00 6.895050e+00 3.447525e+00
      vertex 2.651974e+00 7.292894e+00 3.712709e+00
      vertex 1.723763e+00 7.690601e+00 3.182341e+00
    endloop
  endfacet
  facet normal -6.859734e-01 -5.145097e-01 5.145097e-01
    outer loop
      vertex 2.519359e+00 6.895050e+00 3.447525e+00
      vertex 1.723763e+00 7.690601e+00 3.182341e+00
      vertex 1.723763e+00 7.160234e+00 2.651974e+00
    endloop
  endfacet
  facet normal -5.691592e-01 -7.589995e-01 3.161922e-01
    outer loop
      vertex 2.519359e+00 6.895050e+00 3.447525e+00
      vertex 1.723763e+00 7.160234e+00 2.651974e+00
      vertex 2.651974e+00 6.629866e+00 3.049681e+00
    endloop
  endfacet
  facet normal -7.929709e-01 -5.947625e-01 1.321160e-01
    outer loop
      vertex 2.519359e+00 6.895050e+00 3.447525e+00
      vertex 2.651974e+00 6.629866e+00 3.049681e+00
      vertex 3.182341e+00 6.099499e+00 3.845369e+00
    endloop
  endfacet
  facet normal 4.368458e-01 -7.863406e-01 -4.368458e-01
    outer loop
      vertex 3.447525e+00 2.519359e+00 6.895050e+00
      vertex 3.845369e+00 3.182341e+00 6.099499e+00
      vertex 4.243076e+00 3.182341e+00 6.497206e+00
    endloop
  endfacet
  facet normal 5.947625e-01 -7.929709e-01 -1.321160e-01
    outer loop
      vertex 3.447525e+00 2.519359e+00 6.895050e+00
      vertex 4.243076e+00 3.182341e+00 6.497206e+00
      vertex 3.712709e+00 2.651974e+00 7.292894e+00
    endloop
  endfacet
  facet normal 7.589995e-01 -5.691592e-01 -3.161922e-01
    outer loop
      vertex 3.447525e+00 2.519359e+00 6.895050e+00
      vertex 3.712709e+00 2.651974e+00 7.292894e+00
      vertex 3.182341e+00 1.723763e+00 7.690601e+00
    endloop
  endfacet
  facet normal 5.145097e-01 -6.859734e-01 -5.145097e-01
    outer loop
      vertex 3.447525e+00 2.519359e+00 6.895050e+00
      vertex 3.182341e+00 1.723763e+00 7.690601e+00
      vertex 2.651974e+00 1.723763e+00 7.160234e+00
    endloop
  endfacet
  facet normal 3.161922e-01 -5.691592e-01 -7.589995e-01
    outer loop
      vertex 3.447525e+00 2.519359e+00 6.895050e+00
      vertex 2.651974e+00 1.723763e+00 7.160234e+00
      vertex 3.049681e+00 2.651974e+00 6.629866e+00
    endloop
  endfacet
  facet normal 1.321160e-01 -7.929709e-01 -5.947625e-01
    outer loop
      vertex 3.447525e+00 2.519359e+00 6.895050e+00
      vertex 3.049681e+00 2.651974e+00 6.629866e+00
      vertex 3.845369e+00 3.182341e+00 6.099499e+00
    endloop
  endfacet
  facet normal 1.160483e-01 -9.864409e-01 -1.160483e-01
    outer loop
      vertex 5.171288e+00 3.447525e+00 5.171288e+00
      vertex 4.243076e+00 3.182341e+00 6.497206e+00
      vertex 3.845369e+00 3.182341e+00 6.099499e+00
    endloop
  endfacet
  facet normal -2.285199e-01 -7.998789e-01 -5.549526e-01
    outer loop
      vertex 5.171288e+00 3.447525e+00 5.171288e+00
      vertex 3.845369e+00 3.182341e+00 6.099499e+00
      vertex 4.243076e+00 3.712709e+00 5.171288e+00
    endloop
  endfacet
  facet normal -2.648896e-01 -9.271823e-01 -2.648896e-01
    outer loop
      vertex 5.171288e+00 3.447525e+00 5.171288e+00
      vertex 4.243076e+00 3.712709e+00 5.171288e+00
      vertex 5.171288e+00 3.712709e+00 4.243076e+00
    endloop
  endfacet
  facet normal -5.549526e-01 -7.998789e-01 -2.285199e-01
    outer loop
      vertex 5.171288e+00 3.447525e+00 5.171288e+00
      vertex 5.171288e+00 3.712709e+00 4.243076e+00
      vertex 6.099499e+00 3.182341e+00 3.845369e+00
    endloop
  endfacet
  facet normal -1.160483e-01 -9.864409e-01 1.160483e-01
    outer loop
      vertex 5.171288e+00 3.447525e+00 5.171288e+00
      vertex 6.099499e+00 3.182341e+00 3.845369e+00
      vertex 6.497206e+00 3.182341e+00 4.243076e+00
    endloop
  endfacet
  facet normal 2.285199e-01 -7.998789e-01 5.549526e-01
    outer loop
      vertex 5.171288e+00 3.447525e+00 5.171288e+00
      vertex 6.497206e+00 3.182341e+00 4.243076e+00
      vertex 6.099499e+00 3.712709e+00 5.171288e+00
    endloop
  endfacet
  facet normal 2.648896e-01 -9.271823e-01 2.648896e-01
    outer loop
      vertex 5.171288e+00 3.447525e+00 5.171288e+00
      vertex 6.099499e+00 3.712709e+00 5.171288e+00
      vertex 5.171288e+00 3.712709e+00 6.099499e+00
    endloop
  endfacet
  facet normal 5.549526e-01 -7.998789e-01 2.285199e-01
    outer loop
      vertex 5.171288e+00 3.447525e+00 5.171288e+00
      vertex 5.171288e+00 3.712709e+00 6.099499e+00
      vertex 4.243076e+00 3.182341e+00 6.497206e+00
    endloop
  endfacet
  facet normal 1.160483e-01 -1.160483e-01 -9.864409e-01
    outer loop
      vertex 5.171288e+00 5.171288e+00 3.447525e+00
      vertex 3.845369e+00 6.099499e+00 3.182341e+00
      vertex 4.243076e+00 6.497206e+00 3.182341e+00
    endloop
  endfacet
  facet normal 5.549526e-01 2.285199e-01 -7.998789e-01
    outer loop
      vertex 5.171288e+00 5.171288e+00 3.447525e+00
      vertex 4.243076e+00 6.497206e+00 3.182341e+00
      vertex 5.171288e+00 6.099499e+00 3.712709e+00
    endloop
  endfacet
  facet normal 2.648896e-01 2.648896e-01 -9.271823e-01
    outer loop
      vertex 5.171288e+00 5.171288e+00 3.447525e+00
      vertex 5.171288e+00 6.099499e+00 3.712709e+00
      vertex 6.099499e+00 5.171288e+00 3.712709e+00
    endloop
  endfacet
  facet normal 2.285199e-01 5.549526e-01 -7.998789e-01
    outer loop
      vertex 5.171288e+00 5.171288e+00 3.447525e+00
      vertex 6.099499e+00 5.171288e+00 3.712709e+00
      vertex 6.497206e+00 4.243076e+00 3.182341e+00
    endloop
  endfacet
  facet normal -1.160483e-01 1.160483e-01 -9.864409e-01
    outer loop
      vertex 5.171288e+00 5.171288e+00 3.447525e+00
      vertex 6.497206e+00 4.243076e+00 3.182341e+00
      vertex 6.099499e+00 3.845369e+00 3.182341e+00
    endloop
  endfacet
  facet normal -5.549526e-01 -2.285199e-01 -7.998789e-01
    outer loop
      vertex 5.171288e+00 5.171288e+00 3.447525e+00
      vertex 6.099499e+00 3.845369e+00 3.182341e+00
      vertex 5.171288e+00 4.243076e+00 3.712709e+00
    endloop
  endfacet
  facet normal -2.648896e-01 -2.648896e-01 -9.271823e-01
    outer loop
      vertex 5.171288e+00 5.171288e+00 3.447525e+00
      vertex 5.171288e+00 4.243076e+00 3.712709e+00
      vertex 4.243076e+00 5.171288e+00 3.712709e+00
    endloop
  endfacet
  facet normal -2.285199e-01 -5.549526e-01 -7.998789e-01
    outer loop
      vertex 5.171288e+00 5.171288e+00 3.447525e+00
      vertex 4.243076e+00 5.171288e+00 3.712709e+00
      vertex 3.845369e+00 6.099499e+00 3.182341e+00
    endloop
  endfacet
  facet normal 4.368458e-01 -4.368458e-01 -7.863406e-01
    outer loop
      vertex 3.447525e+00 6.895050e+00 2.519359e+00
      vertex 4.243076e+00 6.497206e+00 3.182341e+00
      vertex 3.845369e+00 6.099499e+00 3.182341e+00
    endloop
  endfacet
  facet normal 1.321160e-01 -5.947625e-01 -7.929709e-01
    outer loop
      vertex 3.447525e+00 6.895050e+00 2.519359e+00
      vertex 3.845369e+00 6.099499e+00 3.182341e+00
      vertex 3.049681e+00 6.629866e+00 2.651974e+00
    endloop
  endfacet
  facet normal 3.161922e-01 -7.589995e-01 -5.691592e-01
    outer loop
      vertex 3.447525e+00 6.895050e+00 2.519359e+00
      vertex 3.049681e+00 6.629866e+00 2.651974e+00
      vertex 2.651974e+00 7.160234e+00 1.723763e+00
    endloop
  endfacet
  facet normal 5.145097e-01 -5.145097e-01 -6.859734e-01
    outer loop
      vertex 3.447525e+00 6.895050e+00 2.519359e+00
      vertex 2.651974e+00 7.160234e+00 1.723763e+00
      vertex 3.182341e+00 7.690601e+00 1.723763e+00
    endloop
  endfacet
  facet normal 7.589995e-01 -3.161922e-01 -5.691592e-01
    outer loop
      vertex 3.447525e+00 6.895050e+00 2.519359e+00
      vertex 3.182341e+00 7.690601e+00 1.723763e+00
      vertex 3.712709e+00 7.292894e+00 2.651974e+00
    endloop
  endfacet
  facet normal 5.947625e-01 -1.321160e-01 -7.929709e-01
    outer loop
      vertex 3.447525e+00 6.895050e+00 2.519359e+00
      vertex 3.712709e+00 7.292894e+00 2.651974e+00
      vertex 4.243076e+00 6.497206e+00 3.182341e+00
    endloop
  endfacet
  facet normal -4.368458e-01 -7.863406e-01 4.368458e-01
    outer loop
      vertex 6.895050e+00 2.519359e+00 3.447525e+00
      vertex 6.497206e+00 3.182341e+00 4.243076e+00
      vertex 6.099499e+00 3.182341e+00 3.845369e+00
    endloop
  endfacet
  facet normal -5.947625e-01 -7.929709e-01 1.321160e-01
    outer loop
      vertex 6.895050e+00 2.519359e+00 3.447525e+00
      vertex 6.099499e+00 3.182341e+00 3.845369e+00
      vertex 6.629866e+00 2.651974e+00 3.049681e+00
    endloop
  endfacet
  facet normal -7.589995e-01 -5.691592e-01 3.161922e-01
    outer loop
      vertex 6.895050e+00 2.519359e+00 3.447525e+00
      vertex 6.629866e+00 2.651974e+00 3.049681e+00
      vertex 7.160234e+00 1.723763e+00 2.651974e+00
    endloop
  endfacet
  facet normal -5.145097e-01 -6.859734e-01 5.145097e-01
    outer loop
      vertex 6.895050e+00 2.519359e+00 3.447525e+00
      vertex 7.160234e+00 1.723763e+00 2.651974e+00
      vertex 7.690601e+00 1.723763e+00 3.182341e+00
    endloop
  endfacet
  facet normal -3.161922e-01 -5.691592e-01 7.589995e-01
    outer loop
      vertex 6.895050e+00 2.519359e+00 3.447525e+00
      vertex 7.690601e+00 1.723763e+00 3.182341e+00
      vertex 7.292894e+00 2.651974e+00 3.712709e+00
    endloop
  endfacet
  facet normal -1.321160e-01 -7.929709e-01 5.947625e-01
    outer loop
      vertex 6.895050e+00 2.519359e+00 3.447525e+00
      vertex 7.292894e+00 2.651974e+00 3.712709e+00
      vertex 6.497206e+00 3.182341e+00 4.243076e+00
    endloop
  endfacet
  facet normal -4.368458e-01 4.368458e-01 -7.863406e-01
    outer loop
      vertex 6.895050e+00 3.447525e+00 2.519359e+00
      vertex 6.099499e+00 3.845369e+00 3.182341e+00
      vertex 6.497206e+00 4.243076e+00 3.182341e+00
    endloop
  endfacet
  facet normal -1.321160e-01 5.947625e-01 -7.929709e-01
    outer loop
      vertex 6.895050e+00 3.447525e+00 2.519359e+00
      vertex 6.497206e+00 4.243076e+00 3.182341e+00
      vertex 7.292894e+00 3.712709e+00 2.651974e+00
    endloop
  endfacet
  facet normal -3.161922e-01 7.589995e-01 -5.691592e-01
    outer loop
      vertex 6.895050e+00 3.447525e+00 2.519359e+00
      vertex 7.292894e+00 3.712709e+00 2.651974e+00
      vertex 7.690601e+00 3.182341e+00 1.723763e+00
    endloop
  endfacet
  facet normal -5.145097e-01 5.145097e-01 -6.859734e-01
    outer loop
      vertex 6.895050e+00 3.447525e+00 2.519359e+00
      vertex 7.690601e+00 3.182341e+00 1.723763e+00
      vertex 7.160234e+00 2.651974e+00 1.723763e+00
    endloop
  endfacet
  facet normal -7.589995e-01 3.161922e-01 -5.691592e-01
    outer loop
      vertex 6.895050e+00 3.447525e+00 2.519359e+00
      vertex 7.160234e+00 2.651974e+00 1.723763e+00
      vertex 6.629866e+00 3.049681e+00 2.651974e+00
    endloop
  endfacet
  facet normal -5.947625e-01 1.321160e-01 -7.929709e-01
    outer loop
      vertex 6.895050e+00 3.447525e+00 2.519359e+00
      vertex 6.629866e+00 3.049681e+00 2.651974e+00
      vertex 6.099499e+00 3.845369e+00 3.182341e+00
    endloop
  endfacet
  facet normal -4.368458e-01 7.863406e-01 4.368458e-01
    outer loop
      vertex 3.447525e+00 4.375691e+00 6.895050e+00
      vertex 2.651974e+00 3.712709e+00 7.292894e+00
      vertex 3.049681e+00 3.712709e+00 7.690601e+00
    endloop
  endfacet
  facet normal -1.321160e-01 7.929709e-01 5.947625e-01
    outer loop
      vertex 3.447525e+00 4.375691e+00 6.895050e+00
      vertex 3.049681e+00 3.712709e+00 7.690601e+00
      vertex 3.845369e+00 4.243076e+00 7.160234e+00
    endloop
  endfacet
  facet normal -3.161922e-01 5.691592e-01 7.589995e-01
    outer loop
      vertex 3.447525e+00 4.375691e+00 6.895050e+00
      vertex 3.845369e+00 4.243076e+00 7.160234e+00
      vertex 4.243076e+00 5.171288e+00 6.629866e+00
    endloop
  endfacet
  facet normal -5.145097e-01 6.859734e-01 5.145097e-01
    outer loop
      vertex 3.447525e+00 4.375691e+00 6.895050e+00
      vertex 4.243076e+00 5.171288e+00 6.629866e+00
      vertex 3.712709e+00 5.171288e+00 6.099499e+00
    endloop
  endfacet
  facet normal -7.589995e-01 5.691592e-01 3.161922e-01
    outer loop
      vertex 3.447525e+00 4.375691e+00 6.895050e+00
      vertex 3.712709e+00 5.171288e+00 6.099499e+00
      vertex 3.182341e+00 4.243076e+00 6.497206e+00
    endloop
  endfacet
  facet normal -5.947625e-01 7.929709e-01 1.321160e-01
    outer loop
      vertex 3.447525e+00 4.375691e+00 6.895050e+00
      vertex 3.182341e+00 4.243076e+00 6.497206e+00
      vertex 2.651974e+00 3.712709e+00 7.292894e+00
    endloop
  endfacet
  facet normal -1.160483e-01 9.864409e-01 1.160483e-01
    outer loop
      vertex 1.723763e+00 3.447525e+00 8.618813e+00
      vertex 3.049681e+00 3.712709e+00 7.690601e+00
      vertex 2.651974e+00 3.712709e+00 7.292894e+00
    endloop
  endfacet
  facet normal -5.549526e-01 7.998789e-01 -2.285199e-01
    outer loop
      vertex 1.723763e+00 3.447525e+00 8.618813e+00
      vertex 2.651974e+00 3.712709e+00 7.292894e+00
      vertex 1.723763e+00 3.182341e+00 7.690601e+00
    endloop
  endfacet
  facet normal -2.648896e-01 9.271823e-01 -2.648896e-01
    outer loop
      vertex 1.723763e+00 3.447525e+00 8.618813e+00
      vertex 1.723763e+00 3.182341e+00 7.690601e+00
      vertex 7.955509e-01 3.182341e+00 8.618813e+00
    endloop
  endfacet
  facet normal -2.285199e-01 7.998789e-01 -5.549526e-01
    outer loop
      vertex 1.723763e+00 3.447525e+00 8.618813e+00
      vertex 7.955509e-01 3.182341e+00 8.618813e+00
      vertex 3.978444e-01 3.712709e+00 9.547024e+00
    endloop
  endfacet
  facet normal 1.160483e-01 9.864409e-01 -1.160483e-01
    outer loop
      vertex 1.723763e+00 3.447525e+00 8.618813e+00
      vertex 3.978444e-01 3.712709e+00 9.547024e+00
      vertex 7.955509e-01 3.712709e+00 9.944731e+00
    endloop
  endfacet
  facet normal 5.549526e-01 7.998789e-01 2.285199e-01
    outer loop
      vertex 1.723763e+00 3.447525e+00 8.618813e+00
      vertex 7.955509e-01 3.712709e+00 9.944731e+00
      vertex 1.723763e+00 3.182341e+00 9.547024e+00
    endloop
  endfacet
  facet normal 2.648896e-01 9.271823e-01 2.648896e-01
    outer loop
      vertex 1.723763e+00 3.447525e+00 8.618813e+00
      vertex 1.723763e+00 3.182341e+00 9.547024e+00
      vertex 2.651974e+00 3.182341e+00 8.618813e+00
    endloop
  endfacet
  facet normal 2.285199e-01 7.998789e-01 5.549526e-01
    outer loop
      vertex 1.723763e+00 3.447525e+00 8.618813e+00
      vertex 2.651974e+00 3.182341e+00 8.618813e+00
      vertex 3.049681e+00 3.712709e+00 7.690601e+00
    endloop
  endfacet
  facet normal -1.160483e-01 1.160483e-01 9.864409e-01
    outer loop
      vertex 1.723763e+00 8.618813e+00 3.447525e+00
      vertex 2.651974e+00 7.292894e+00 3.712709e+00
      vertex 3.049681e+00 7.690601e+00 3.712709e+00
    endloop
  endfacet
  facet normal 2.285199e-01 5.549526e-01 7.998789e-01
    outer loop
      vertex 1.723763e+00 8.618813e+00 3.447525e+00
      vertex 3.049681e+00 7.690601e+00 3.712709e+00
      vertex 2.651974e+00 8.618813e+00 3.182341e+00
    endloop
  endfacet
  facet normal 2.648896e-01 2.648896e-01 9.271823e-01
    outer loop
      vertex 1.723763e+00 8.618813e+00 3.447525e+00
      vertex 2.651974e+00 8.618813e+00 3.182341e+00
      vertex 1.723763e+00 9.547024e+00 3.182341e+00
    endloop
  endfacet
  facet normal 5.549526e-01 2.285199e-01 7.998789e-01
    outer loop
      vertex 1.723763e+00 8.618813e+00 3.447525e+00
      vertex 1.723763e+00 9.547024e+00 3.182341e+00
      vertex 7.955509e-01 9.944731e+00 3.712709e+00
    endloop
  endfacet
  facet normal 1.160483e-01 -1.160483e-01 9.864409e-01
    outer loop
      vertex 1.723763e+00 8.618813e+00 3.447525e+00
      vertex 7.955509e-01 9.944731e+00 3.712709e+00
      vertex 3.978444e-01 9.547024e+00 3.712709e+00
    endloop
  endfacet
  facet normal -2.285199e-01 -5.549526e-01 7.998789e-01
    outer loop
      vertex 1.723763e+00 8.618813e+00 3.447525e+00
      vertex 3.978444e-01 9.547024e+00 3.712709e+00
      vertex 7.955509e-01 8.618813e+00 3.182341e+00
    endloop
  endfacet
  facet normal -2.648896e-01 -2.648896e-01 9.271823e-01
    outer loop
      vertex 1.723763e+00 8.618813e+00 3.447525e+00
      vertex 7.955509e-01 8.618813e+00 3.182341e+00
      vertex 1.723763e+00 7.690601e+00 3.182341e+00
    endloop
  endfacet
  facet normal -5.549526e-01 -2.285199e-01 7.998789e-01
    outer loop
      vertex 1.723763e+00 8.618813e+00 3.447525e+00
      vertex 1.723763e+00 7.690601e+00 3.182341e+00
      vertex 2.651974e+00 7.292894e+00 3.712709e+00
    endloop
  endfacet
  facet normal -4.368458e-01 4.368458e-01 7.863406e-01
    outer loop
      vertex 3.447525e+00 6.895050e+00 4.375691e+00
      vertex 3.049681e+00 7.690601e+00 3.712709e+00
      vertex 2.651974e+00 7.292894e+00 3.712709e+00
    endloop
  endfacet
  facet normal -5.947625e-01 1.321160e-01 7.929709e-01
    outer loop
      vertex 3.447525e+00 6.895050e+00 4.375691e+00
      vertex 2.651974e+00 7.292894e+00 3.712709e+00
      vertex 3.182341e+00 6.497206e+00 4.243076e+00
    endloop
  endfacet
  facet normal -7.589995e-01 3.161922e-01 5.691592e-01
    outer loop
      vertex 3.447525e+00 6.895050e+00 4.375691e+00
      vertex 3.182341e+00 6.497206e+00 4.243076e+00
      vertex 3.712709e+00 6.099499e+00 5.171288e+00
    endloop
  endfacet
  facet normal -5.145097e-01 5.145097e-01 6.859734e-01
    outer loop
      vertex 3.447525e+00 6.895050e+00 4.375691e+00
      vertex 3.712709e+00 6.099499e+00 5.171288e+00
      vertex 4.243076e+00 6.629866e+00 5.171288e+00
    endloop
  endfacet
  facet normal -3.161922e-01 7.589995e-01 5.691592e-01
    outer loop
      vertex 3.447525e+00 6.895050e+00 4.375691e+00
      vertex 4.243076e+00 6.629866e+00 5.171288e+00
      vertex 3.845369e+00 7.160234e+00 4.243076e+00
    endloop
  endfacet
  facet normal -1.321160e-01 5.947625e-01 7.929709e-01
    outer loop
      vertex 3.447525e+00 6.895050e+00 4.375691e+00
      vertex 3.845369e+00 7.160234e+00 4.243076e+00
      vertex 3.049681e+00 7.690601e+00 3.712709e+00
    endloop
  endfacet
  facet normal 9.864409e-01 -1.160483e-01 1.160483e-01
    outer loop
      vertex 3.447525e+00 1.723763e+00 8.618813e+00
      vertex 3.712709e+00 2.651974e+00 7.292894e+00
      vertex 3.712709e+00 3.049681e+00 7.690601e+00
    endloop
  endfacet
  facet normal 7.998789e-01 2.285199e-01 5.549526e-01
    outer loop
      vertex 3.447525e+00 1.723763e+00 8.618813e+00
      vertex 3.712709e+00 3.049681e+00 7.690601e+00
      vertex 3.182341e+00 2.651974e+00 8.618813e+00
    endloop
  endfacet
  facet normal 9.271823e-01 2.648896e-01 2.648896e-01
    outer loop
      vertex 3.447525e+00 1.723763e+00 8.618813e+00
      vertex 3.182341e+00 2.651974e+00 8.618813e+00
      vertex 3.182341e+00 1.723763e+00 9.547024e+00
    endloop
  endfacet
  facet normal 7.998789e-01 5.549526e-01 2.285199e-01
    outer loop
      vertex 3.447525e+00 1.723763e+00 8.618813e+00
      vertex 3.182341e+00 1.723763e+00 9.547024e+00
      vertex 3.712709e+00 7.955509e-01 9.944731e+00
    endloop
  endfacet
  facet normal 9.864409e-01 1.160483e-01 -1.160483e-01
    outer loop
      vertex 3.447525e+00 1.723763e+00 8.618813e+00
      vertex 3.712709e+00 7.955509e-01 9.944731e+00
      vertex 3.712709e+00 3.978444e-01 9.547024e+00
    endloop
  endfacet
  facet normal 7.998789e-01 -2.285199e-01 -5.549526e-01
    outer loop
      vertex 3.447525e+00 1.723763e+00 8.618813e+00
      vertex 3.712709e+00 3.978444e-01 9.547024e+00
      vertex 3.182341e+00 7.955509e-01 8.618813e+00
    endloop
  endfacet
  facet normal 9.271823e-01 -2.648896e-01 -2.648896e-01
    outer loop
      vertex 3.447525e+00 1.723763e+00 8.618813e+00
      vertex 3.182341e+00 7.955509e-01 8.618813e+00
      vertex 3.182341e+00 1.723763e+00 7.690601e+00
    endloop
  endfacet
  facet normal 7.998789e-01 -5.549526e-01 -2.285199e-01
    outer loop
      vertex 3.447525e+00 1.723763e+00 8.618813e+00
      vertex 3.182341e+00 1.723763e+00 7.690601e+00
      vertex 3.712709e+00 2.651974e+00 7.292894e+00
    endloop
  endfacet
  facet normal 7.863406e-01 -4.368458e-01 4.368458e-01
    outer loop
      vertex 4.375691e+00 3.447525e+00 6.895050e+00
      vertex 3.712709e+00 3.049681e+00 7.690601e+00
      vertex 3.712709e+00 2.651974e+00 7.292894e+00
    endloop
  endfacet
  facet normal 7.929709e-01 -5.947625e-01 1.321160e-01
    outer loop
      vertex 4.375691e+00 3.447525e+00 6.895050e+00
      vertex 3.712709e+00 2.651974e+00 7.292894e+00
      vertex 4.243076e+00 3.182341e+00 6.497206e+00
    endloop
  endfacet
  facet normal 5.691592e-01 -7.589995e-01 3.161922e-01
    outer loop
      vertex 4.375691e+00 3.447525e+00 6.895050e+00
      vertex 4.243076e+00 3.182341e+00 6.497206e+00
      vertex 5.171288e+00 3.712709e+00 6.099499e+00
    endloop
  endfacet
  facet normal 6.859734e-01 -5.145097e-01 5.145097e-01
    outer loop
      vertex 4.375691e+00 3.447525e+00 6.895050e+00
      vertex 5.171288e+00 3.712709e+00 6.099499e+00
