solid surface_model
  facet normal -6.963106e-01 -6.963106e-01 -1.740777e-01
    outer loop
      vertex 8.449938e-01 8.449938e-01 3.379975e+00
      vertex 6.759950e-01 1.351990e+00 2.027985e+00
      vertex 1.351990e+00 6.759950e-01 2.027985e+00
    endloop
  endfacet
  facet normal -9.045340e-01 -3.015113e-01 -3.015113e-01
    outer loop
      vertex 8.449938e-01 8.449938e-01 3.379975e+00
      vertex 1.351990e+00 6.759950e-01 2.027985e+00
      vertex 1.351990e+00 1.655710e-16 2.703980e+00
    endloop
  endfacet
  facet normal -8.574929e-01 -5.144958e-01 4.166619e-17
    outer loop
      vertex 8.449938e-01 8.449938e-01 3.379975e+00
      vertex 1.351990e+00 1.655710e-16 2.703980e+00
      vertex 1.351990e+00 2.483565e-16 4.055970e+00
    endloop
  endfacet
  facet normal -9.045340e-01 -3.015113e-01 3.015113e-01
    outer loop
      vertex 8.449938e-01 8.449938e-01 3.379975e+00
      vertex 1.351990e+00 2.483565e-16 4.055970e+00
      vertex 1.351990e+00 6.759950e-01 4.731965e+00
    endloop
  endfacet
  facet normal -6.963106e-01 -6.963106e-01 1.740777e-01
    outer loop
      vertex 8.449938e-01 8.449938e-01 3.379975e+00
      vertex 1.351990e+00 6.759950e-01 4.731965e+00
      vertex 6.759950e-01 1.351990e+00 4.731965e+00
    endloop
  endfacet
  facet normal -3.015113e-01 -9.045340e-01 3.015113e-01
    outer loop
      vertex 8.449938e-01 8.449938e-01 3.379975e+00
      vertex 6.759950e-01 1.351990e+00 4.731965e+00
      vertex 3.311420e-16 1.351990e+00 4.055970e+00
    endloop
  endfacet
  facet normal -5.144958e-01 -8.574929e-01 4.166619e-17
    outer loop
      vertex 8.449938e-01 8.449938e-01 3.379975e+00
      vertex 3.311420e-16 1.351990e+00 4.055970e+00
      vertex 2.483565e-16 1.351990e+00 2.703980e+00
    endloop
  endfacet
  facet normal -3.015113e-01 -9.045340e-01 -3.015113e-01
    outer loop
      vertex 8.449938e-01 8.449938e-01 3.379975e+00
      vertex 2.483565e-16 1.351990e+00 2.703980e+00
      vertex 6.759950e-01 1.351990e+00 2.027985e+00
    endloop
  endfacet
  facet normal -5.773503e-01 -5.773503e-01 -5.773503e-01
    outer loop
      vertex 1.351990e+00 1.351990e+00 1.351990e+00
      vertex 1.351990e+00 6.759950e-01 2.027985e+00
      vertex 6.759950e-01 1.351990e+00 2.027985e+00
    endloop
  endfacet
  facet normal -5.773503e-01 -5.773503e-01 -5.773503e-01
    outer loop
      vertex 1.351990e+00 1.351990e+00 1.351990e+00
      vertex 6.759950e-01 1.351990e+00 2.027985e+00
      vertex 6.759950e-01 2.027985e+00 1.351990e+00
    endloop
  endfacet
  facet normal -5.773503e-01 -5.773503e-01 -5.773503e-01
    outer loop
      vertex 1.351990e+00 1.351990e+00 1.351990e+00
      vertex 6.759950e-01 2.027985e+00 1.351990e+00
      vertex 1.351990e+00 2.027985e+00 6.759950e-01
    endloop
  endfacet
  facet normal -5.773503e-01 -5.773503e-01 -5.773503e-01
    outer loop
      vertex 1.351990e+00 1.351990e+00 1.351990e+00
      vertex 1.351990e+00 2.027985e+00 6.759950e-01
      vertex 2.027985e+00 1.351990e+00 6.759950e-01
    endloop
  endfacet
  facet normal -5.773503e-01 -5.773503e-01 -5.773503e-01
    outer loop
      vertex 1.351990e+00 1.351990e+00 1.351990e+00
      vertex 2.027985e+00 1.351990e+00 6.759950e-01
      vertex 2.027985e+00 6.759950e-01 1.351990e+00
    endloop
  endfacet
  facet normal -5.773503e-01 -5.773503e-01 -5.773503e-01
    outer loop
      vertex 1.351990e+00 1.351990e+00 1.351990e+00
      vertex 2.027985e+00 6.759950e-01 1.351990e+00
      vertex 1.351990e+00 6.759950e-01 2.027985e+00
    endloop
  endfacet
  facet normal -6.963106e-01 -1.740777e-01 -6.963106e-01
    outer loop
      vertex 8.449938e-01 3.379975e+00 8.449937e-01
      vertex 1.351990e+00 2.027985e+00 6.759950e-01
      vertex 6.759950e-01 2.027985e+00 1.351990e+00
    endloop
  endfacet
  facet normal -3.015113e-01 -3.015113e-01 -9.045340e-01
    outer loop
      vertex 8.449938e-01 3.379975e+00 8.449937e-01
      vertex 6.759950e-01 2.027985e+00 1.351990e+00
      vertex 2.483565e-16 2.703980e+00 1.351990e+00
    endloop
  endfacet
  facet normal -5.144958e-01 4.166619e-17 -8.574929e-01
    outer loop
      vertex 8.449938e-01 3.379975e+00 8.449937e-01
      vertex 2.483565e-16 2.703980e+00 1.351990e+00
      vertex 3.311420e-16 4.055970e+00 1.351990e+00
    endloop
  endfacet
  facet normal -3.015113e-01 3.015113e-01 -9.045340e-01
    outer loop
      vertex 8.449938e-01 3.379975e+00 8.449937e-01
      vertex 3.311420e-16 4.055970e+00 1.351990e+00
      vertex 6.759950e-01 4.731965e+00 1.351990e+00
    endloop
  endfacet
  facet normal -6.963106e-01 1.740777e-01 -6.963106e-01
    outer loop
      vertex 8.449938e-01 3.379975e+00 8.449937e-01
      vertex 6.759950e-01 4.731965e+00 1.351990e+00
      vertex 1.351990e+00 4.731965e+00 6.759950e-01
    endloop
  endfacet
  facet normal -9.045340e-01 3.015113e-01 -3.015113e-01
    outer loop
      vertex 8.449938e-01 3.379975e+00 8.449937e-01
      vertex 1.351990e+00 4.731965e+00 6.759950e-01
      vertex 1.351990e+00 4.055970e+00 0.000000e+00
    endloop
  endfacet
  facet normal -8.574929e-01 0.000000e+00 -5.144958e-01
    outer loop
      vertex 8.449938e-01 3.379975e+00 8.449937e-01
      vertex 1.351990e+00 4.055970e+00 0.000000e+00
      vertex 1.351990e+00 2.703980e+00 0.000000e+00
    endloop
  endfacet
  facet normal -9.045340e-01 -3.015113e-01 -3.015113e-01
    outer loop
      vertex 8.449938e-01 3.379975e+00 8.449937e-01
      vertex 1.351990e+00 2.703980e+00 0.000000e+00
      vertex 1.351990e+00 2.027985e+00 6.759950e-01
    endloop
  endfacet
  facet normal -1.740777e-01 -6.963106e-01 -6.963106e-01
    outer loop
      vertex 3.379975e+00 8.449937e-01 8.449937e-01
      vertex 2.027985e+00 6.759950e-01 1.351990e+00
      vertex 2.027985e+00 1.351990e+00 6.759950e-01
    endloop
  endfacet
  facet normal -3.015113e-01 -9.045340e-01 -3.015113e-01
    outer loop
      vertex 3.379975e+00 8.449937e-01 8.449937e-01
      vertex 2.027985e+00 1.351990e+00 6.759950e-01
      vertex 2.703980e+00 1.351990e+00 0.000000e+00
    endloop
  endfacet
  facet normal 0.000000e+00 -8.574929e-01 -5.144958e-01
    outer loop
      vertex 3.379975e+00 8.449937e-01 8.449937e-01
      vertex 2.703980e+00 1.351990e+00 0.000000e+00
      vertex 4.055970e+00 1.351990e+00 0.000000e+00
    endloop
  endfacet
  facet normal 3.015113e-01 -9.045340e-01 -3.015113e-01
    outer loop
      vertex 3.379975e+00 8.449937e-01 8.449937e-01
      vertex 4.055970e+00 1.351990e+00 0.000000e+00
      vertex 4.731965e+00 1.351990e+00 6.759950e-01
    endloop
  endfacet
  facet normal 1.740777e-01 -6.963106e-01 -6.963106e-01
    outer loop
      vertex 3.379975e+00 8.449937e-01 8.449937e-01
      vertex 4.731965e+00 1.351990e+00 6.759950e-01
      vertex 4.731965e+00 6.759950e-01 1.351990e+00
    endloop
  endfacet
  facet normal 3.015113e-01 -3.015113e-01 -9.045340e-01
    outer loop
      vertex 3.379975e+00 8.449937e-01 8.449937e-01
      vertex 4.731965e+00 6.759950e-01 1.351990e+00
      vertex 4.055970e+00 8.278551e-17 1.351990e+00
    endloop
  endfacet
  facet normal 0.000000e+00 -5.144958e-01 -8.574929e-01
    outer loop
      vertex 3.379975e+00 8.449937e-01 8.449937e-01
      vertex 4.055970e+00 8.278551e-17 1.351990e+00
      vertex 2.703980e+00 8.278551e-17 1.351990e+00
    endloop
  endfacet
  facet normal -3.015113e-01 -3.015113e-01 -9.045340e-01
    outer loop
      vertex 3.379975e+00 8.449937e-01 8.449937e-01
      vertex 2.703980e+00 8.278551e-17 1.351990e+00
      vertex 2.027985e+00 6.759950e-01 1.351990e+00
    endloop
  endfacet
  facet normal -5.773503e-01 -5.773503e-01 5.773503e-01
    outer loop
      vertex 1.351990e+00 1.351990e+00 5.407960e+00
      vertex 6.759950e-01 1.351990e+00 4.731965e+00
      vertex 1.351990e+00 6.759950e-01 4.731965e+00
    endloop
  endfacet
  facet normal -5.773503e-01 -5.773503e-01 5.773503e-01
    outer loop
      vertex 1.351990e+00 1.351990e+00 5.407960e+00
      vertex 1.351990e+00 6.759950e-01 4.731965e+00
      vertex 2.027985e+00 6.759950e-01 5.407960e+00
    endloop
  endfacet
  facet normal -5.773503e-01 -5.773503e-01 5.773503e-01
    outer loop
      vertex 1.351990e+00 1.351990e+00 5.407960e+00
      vertex 2.027985e+00 6.759950e-01 5.407960e+00
      vertex 2.027985e+00 1.351990e+00 6.083955e+00
    endloop
  endfacet
  facet normal -5.773503e-01 -5.773503e-01 5.773503e-01
    outer loop
      vertex 1.351990e+00 1.351990e+00 5.407960e+00
      vertex 2.027985e+00 1.351990e+00 6.083955e+00
      vertex 1.351990e+00 2.027985e+00 6.083955e+00
    endloop
  endfacet
  facet normal -5.773503e-01 -5.773503e-01 5.773503e-01
    outer loop
      vertex 1.351990e+00 1.351990e+00 5.407960e+00
      vertex 1.351990e+00 2.027985e+00 6.083955e+00
      vertex 6.759950e-01 2.027985e+00 5.407960e+00
    endloop
  endfacet
  facet normal -5.773503e-01 -5.773503e-01 5.773503e-01
    outer loop
      vertex 1.351990e+00 1.351990e+00 5.407960e+00
      vertex 6.759950e-01 2.027985e+00 5.407960e+00
      vertex 6.759950e-01 1.351990e+00 4.731965e+00
    endloop
  endfacet
  facet normal -5.773503e-01 5.773503e-01 -5.773503e-01
    outer loop
      vertex 1.351990e+00 5.407960e+00 1.351990e+00
      vertex 1.351990e+00 4.731965e+00 6.759950e-01
      vertex 6.759950e-01 4.731965e+00 1.351990e+00
    endloop
  endfacet
  facet normal -5.773503e-01 5.773503e-01 -5.773503e-01
    outer loop
      vertex 1.351990e+00 5.407960e+00 1.351990e+00
      vertex 6.759950e-01 4.731965e+00 1.351990e+00
      vertex 6.759950e-01 5.407960e+00 2.027985e+00
    endloop
  endfacet
  facet normal -5.773503e-01 5.773503e-01 -5.773503e-01
    outer loop
      vertex 1.351990e+00 5.407960e+00 1.351990e+00
      vertex 6.759950e-01 5.407960e+00 2.027985e+00
      vertex 1.351990e+00 6.083955e+00 2.027985e+00
    endloop
  endfacet
  facet normal -5.773503e-01 5.773503e-01 -5.773503e-01
    outer loop
      vertex 1.351990e+00 5.407960e+00 1.351990e+00
      vertex 1.351990e+00 6.083955e+00 2.027985e+00
      vertex 2.027985e+00 6.083955e+00 1.351990e+00
    endloop
  endfacet
  facet normal -5.773503e-01 5.773503e-01 -5.773503e-01
    outer loop
      vertex 1.351990e+00 5.407960e+00 1.351990e+00
      vertex 2.027985e+00 6.083955e+00 1.351990e+00
      vertex 2.027985e+00 5.407960e+00 6.759950e-01
    endloop
  endfacet
  facet normal -5.773503e-01 5.773503e-01 -5.773503e-01
    outer loop
      vertex 1.351990e+00 5.407960e+00 1.351990e+00
      vertex 2.027985e+00 5.407960e+00 6.759950e-01
      vertex 1.351990e+00 4.731965e+00 6.759950e-01
    endloop
  endfacet
  facet normal 5.773503e-01 -5.773503e-01 -5.773503e-01
    outer loop
      vertex 5.407960e+00 1.351990e+00 1.351990e+00
      vertex 4.731965e+00 6.759950e-01 1.351990e+00
      vertex 4.731965e+00 1.351990e+00 6.759950e-01
    endloop
  endfacet
  facet normal 5.773503e-01 -5.773503e-01 -5.773503e-01
    outer loop
      vertex 5.407960e+00 1.351990e+00 1.351990e+00
      vertex 4.731965e+00 1.351990e+00 6.759950e-01
      vertex 5.407960e+00 2.027985e+00 6.759950e-01
    endloop
  endfacet
  facet normal 5.773503e-01 -5.773503e-01 -5.773503e-01
    outer loop
      vertex 5.407960e+00 1.351990e+00 1.351990e+00
      vertex 5.407960e+00 2.027985e+00 6.759950e-01
      vertex 6.083955e+00 2.027985e+00 1.351990e+00
    endloop
  endfacet
  facet normal 5.773503e-01 -5.773503e-01 -5.773503e-01
    outer loop
      vertex 5.407960e+00 1.351990e+00 1.351990e+00
      vertex 6.083955e+00 2.027985e+00 1.351990e+00
      vertex 6.083955e+00 1.351990e+00 2.027985e+00
    endloop
  endfacet
  facet normal 5.773503e-01 -5.773503e-01 -5.773503e-01
    outer loop
      vertex 5.407960e+00 1.351990e+00 1.351990e+00
      vertex 6.083955e+00 1.351990e+00 2.027985e+00
      vertex 5.407960e+00 6.759950e-01 2.027985e+00
    endloop
  endfacet
  facet normal 5.773503e-01 -5.773503e-01 -5.773503e-01
    outer loop
      vertex 5.407960e+00 1.351990e+00 1.351990e+00
      vertex 5.407960e+00 6.759950e-01 2.027985e+00
      vertex 4.731965e+00 6.759950e-01 1.351990e+00
    endloop
  endfacet
  facet normal -6.963106e-01 -1.740777e-01 6.963106e-01
    outer loop
      vertex 8.449938e-01 3.379975e+00 5.914956e+00
      vertex 6.759950e-01 2.027985e+00 5.407960e+00
      vertex 1.351990e+00 2.027985e+00 6.083955e+00
    endloop
  endfacet
  facet normal -9.045340e-01 -3.015113e-01 3.015113e-01
    outer loop
      vertex 8.449938e-01 3.379975e+00 5.914956e+00
      vertex 1.351990e+00 2.027985e+00 6.083955e+00
      vertex 1.351990e+00 2.703980e+00 6.759950e+00
    endloop
  endfacet
  facet normal -8.574929e-01 0.000000e+00 5.144958e-01
    outer loop
      vertex 8.449938e-01 3.379975e+00 5.914956e+00
      vertex 1.351990e+00 2.703980e+00 6.759950e+00
      vertex 1.351990e+00 4.055970e+00 6.759950e+00
    endloop
  endfacet
  facet normal -9.045340e-01 3.015113e-01 3.015113e-01
    outer loop
      vertex 8.449938e-01 3.379975e+00 5.914956e+00
      vertex 1.351990e+00 4.055970e+00 6.759950e+00
      vertex 1.351990e+00 4.731965e+00 6.083955e+00
    endloop
  endfacet
  facet normal -6.963106e-01 1.740777e-01 6.963106e-01
    outer loop
      vertex 8.449938e-01 3.379975e+00 5.914956e+00
      vertex 1.351990e+00 4.731965e+00 6.083955e+00
      vertex 6.759950e-01 4.731965e+00 5.407960e+00
    endloop
  endfacet
  facet normal -3.015113e-01 3.015113e-01 9.045340e-01
    outer loop
      vertex 8.449938e-01 3.379975e+00 5.914956e+00
      vertex 6.759950e-01 4.731965e+00 5.407960e+00
      vertex 5.794986e-16 4.055970e+00 5.407960e+00
    endloop
  endfacet
  facet normal -5.144958e-01 4.166619e-17 8.574929e-01
    outer loop
      vertex 8.449938e-01 3.379975e+00 5.914956e+00
      vertex 5.794986e-16 4.055970e+00 5.407960e+00
      vertex 4.967131e-16 2.703980e+00 5.407960e+00
    endloop
  endfacet
  facet normal -3.015113e-01 -3.015113e-01 9.045340e-01
    outer loop
      vertex 8.449938e-01 3.379975e+00 5.914956e+00
      vertex 4.967131e-16 2.703980e+00 5.407960e+00
      vertex 6.759950e-01 2.027985e+00 5.407960e+00
    endloop
  endfacet
  facet normal -6.963106e-01 6.963106e-01 -1.740777e-01
    outer loop
      vertex 8.449938e-01 5.914956e+00 3.379975e+00
      vertex 1.351990e+00 6.083955e+00 2.027985e+00
      vertex 6.759950e-01 5.407960e+00 2.027985e+00
    endloop
  endfacet
  facet normal -3.015113e-01 9.045340e-01 -3.015113e-01
    outer loop
      vertex 8.449938e-01 5.914956e+00 3.379975e+00
      vertex 6.759950e-01 5.407960e+00 2.027985e+00
      vertex 4.967131e-16 5.407960e+00 2.703980e+00
    endloop
  endfacet
  facet normal -5.144958e-01 8.574929e-01 4.166619e-17
    outer loop
      vertex 8.449938e-01 5.914956e+00 3.379975e+00
      vertex 4.967131e-16 5.407960e+00 2.703980e+00
      vertex 5.794986e-16 5.407960e+00 4.055970e+00
    endloop
  endfacet
  facet normal -3.015113e-01 9.045340e-01 3.015113e-01
    outer loop
      vertex 8.449938e-01 5.914956e+00 3.379975e+00
      vertex 5.794986e-16 5.407960e+00 4.055970e+00
      vertex 6.759950e-01 5.407960e+00 4.731965e+00
    endloop
  endfacet
  facet normal -6.963106e-01 6.963106e-01 1.740777e-01
    outer loop
      vertex 8.449938e-01 5.914956e+00 3.379975e+00
      vertex 6.759950e-01 5.407960e+00 4.731965e+00
      vertex 1.351990e+00 6.083955e+00 4.731965e+00
    endloop
  endfacet
  facet normal -9.045340e-01 3.015113e-01 3.015113e-01
    outer loop
      vertex 8.449938e-01 5.914956e+00 3.379975e+00
      vertex 1.351990e+00 6.083955e+00 4.731965e+00
      vertex 1.351990e+00 6.759950e+00 4.055970e+00
    endloop
  endfacet
  facet normal -8.574929e-01 5.144958e-01 0.000000e+00
    outer loop
      vertex 8.449938e-01 5.914956e+00 3.379975e+00
      vertex 1.351990e+00 6.759950e+00 4.055970e+00
      vertex 1.351990e+00 6.759950e+00 2.703980e+00
    endloop
  endfacet
  facet normal -9.045340e-01 3.015113e-01 -3.015113e-01
    outer loop
      vertex 8.449938e-01 5.914956e+00 3.379975e+00
      vertex 1.351990e+00 6.759950e+00 2.703980e+00
      vertex 1.351990e+00 6.083955e+00 2.027985e+00
    endloop
  endfacet
  facet normal -1.740777e-01 -6.963106e-01 6.963106e-01
    outer loop
      vertex 3.379975e+00 8.449938e-01 5.914956e+00
      vertex 2.027985e+00 1.351990e+00 6.083955e+00
      vertex 2.027985e+00 6.759950e-01 5.407960e+00
    endloop
  endfacet
  facet normal -3.015113e-01 -3.015113e-01 9.045340e-01
    outer loop
      vertex 3.379975e+00 8.449938e-01 5.914956e+00
      vertex 2.027985e+00 6.759950e-01 5.407960e+00
      vertex 2.703980e+00 3.311420e-16 5.407960e+00
    endloop
  endfacet
  facet normal 0.000000e+00 -5.144958e-01 8.574929e-01
    outer loop
      vertex 3.379975e+00 8.449938e-01 5.914956e+00
      vertex 2.703980e+00 3.311420e-16 5.407960e+00
      vertex 4.055970e+00 3.311420e-16 5.407960e+00
    endloop
  endfacet
  facet normal 3.015113e-01 -3.015113e-01 9.045340e-01
    outer loop
      vertex 3.379975e+00 8.449938e-01 5.914956e+00
      vertex 4.055970e+00 3.311420e-16 5.407960e+00
      vertex 4.731965e+00 6.759950e-01 5.407960e+00
    endloop
  endfacet
  facet normal 1.740777e-01 -6.963106e-01 6.963106e-01
    outer loop
      vertex 3.379975e+00 8.449938e-01 5.914956e+00
      vertex 4.731965e+00 6.759950e-01 5.407960e+00
      vertex 4.731965e+00 1.351990e+00 6.083955e+00
    endloop
  endfacet
  facet normal 3.015113e-01 -9.045340e-01 3.015113e-01
    outer loop
      vertex 3.379975e+00 8.449938e-01 5.914956e+00
      vertex 4.731965e+00 1.351990e+00 6.083955e+00
      vertex 4.055970e+00 1.351990e+00 6.759950e+00
    endloop
  endfacet
  facet normal 0.000000e+00 -8.574929e-01 5.144958e-01
    outer loop
      vertex 3.379975e+00 8.449938e-01 5.914956e+00
      vertex 4.055970e+00 1.351990e+00 6.759950e+00
      vertex 2.703980e+00 1.351990e+00 6.759950e+00
    endloop
  endfacet
  facet normal -3.015113e-01 -9.045340e-01 3.015113e-01
    outer loop
      vertex 3.379975e+00 8.449938e-01 5.914956e+00
      vertex 2.703980e+00 1.351990e+00 6.759950e+00
      vertex 2.027985e+00 1.351990e+00 6.083955e+00
    endloop
  endfacet
  facet normal -1.740777e-01 6.963106e-01 -6.963106e-01
    outer loop
      vertex 3.379975e+00 5.914956e+00 8.449937e-01
      vertex 2.027985e+00 5.407960e+00 6.759950e-01
      vertex 2.027985e+00 6.083955e+00 1.351990e+00
    endloop
  endfacet
  facet normal -3.015113e-01 3.015113e-01 -9.045340e-01
    outer loop
      vertex 3.379975e+00 5.914956e+00 8.449937e-01
      vertex 2.027985e+00 6.083955e+00 1.351990e+00
      vertex 2.703980e+00 6.759950e+00 1.351990e+00
    endloop
  endfacet
  facet normal 0.000000e+00 5.144958e-01 -8.574929e-01
    outer loop
      vertex 3.379975e+00 5.914956e+00 8.449937e-01
      vertex 2.703980e+00 6.759950e+00 1.351990e+00
      vertex 4.055970e+00 6.759950e+00 1.351990e+00
    endloop
  endfacet
  facet normal 3.015113e-01 3.015113e-01 -9.045340e-01
    outer loop
      vertex 3.379975e+00 5.914956e+00 8.449937e-01
      vertex 4.055970e+00 6.759950e+00 1.351990e+00
      vertex 4.731965e+00 6.083955e+00 1.351990e+00
    endloop
  endfacet
  facet normal 1.740777e-01 6.963106e-01 -6.963106e-01
    outer loop
      vertex 3.379975e+00 5.914956e+00 8.449937e-01
      vertex 4.731965e+00 6.083955e+00 1.351990e+00
      vertex 4.731965e+00 5.407960e+00 6.759950e-01
    endloop
  endfacet
  facet normal 3.015113e-01 9.045340e-01 -3.015113e-01
    outer loop
      vertex 3.379975e+00 5.914956e+00 8.449937e-01
      vertex 4.731965e+00 5.407960e+00 6.759950e-01
      vertex 4.055970e+00 5.407960e+00 0.000000e+00
    endloop
  endfacet
  facet normal 0.000000e+00 8.574929e-01 -5.144958e-01
    outer loop
      vertex 3.379975e+00 5.914956e+00 8.449937e-01
      vertex 4.055970e+00 5.407960e+00 0.000000e+00
      vertex 2.703980e+00 5.407960e+00 0.000000e+00
    endloop
  endfacet
  facet normal -3.015113e-01 9.045340e-01 -3.015113e-01
    outer loop
      vertex 3.379975e+00 5.914956e+00 8.449937e-01
      vertex 2.703980e+00 5.407960e+00 0.000000e+00
      vertex 2.027985e+00 5.407960e+00 6.759950e-01
    endloop
  endfacet
  facet normal 6.963106e-01 -6.963106e-01 -1.740777e-01
    outer loop
      vertex 5.914956e+00 8.449938e-01 3.379975e+00
      vertex 5.407960e+00 6.759950e-01 2.027985e+00
      vertex 6.083955e+00 1.351990e+00 2.027985e+00
    endloop
  endfacet
  facet normal 3.015113e-01 -9.045340e-01 -3.015113e-01
    outer loop
      vertex 5.914956e+00 8.449938e-01 3.379975e+00
      vertex 6.083955e+00 1.351990e+00 2.027985e+00
      vertex 6.759950e+00 1.351990e+00 2.703980e+00
    endloop
  endfacet
  facet normal 5.144958e-01 -8.574929e-01 0.000000e+00
    outer loop
      vertex 5.914956e+00 8.449938e-01 3.379975e+00
      vertex 6.759950e+00 1.351990e+00 2.703980e+00
      vertex 6.759950e+00 1.351990e+00 4.055970e+00
    endloop
  endfacet
  facet normal 3.015113e-01 -9.045340e-01 3.015113e-01
    outer loop
      vertex 5.914956e+00 8.449938e-01 3.379975e+00
      vertex 6.759950e+00 1.351990e+00 4.055970e+00
      vertex 6.083955e+00 1.351990e+00 4.731965e+00
    endloop
  endfacet
  facet normal 6.963106e-01 -6.963106e-01 1.740777e-01
    outer loop
      vertex 5.914956e+00 8.449938e-01 3.379975e+00
      vertex 6.083955e+00 1.351990e+00 4.731965e+00
      vertex 5.407960e+00 6.759950e-01 4.731965e+00
    endloop
  endfacet
  facet normal 9.045340e-01 -3.015113e-01 3.015113e-01
    outer loop
      vertex 5.914956e+00 8.449938e-01 3.379975e+00
      vertex 5.407960e+00 6.759950e-01 4.731965e+00
      vertex 5.407960e+00 2.483565e-16 4.055970e+00
    endloop
  endfacet
  facet normal 8.574929e-01 -5.144958e-01 4.166619e-17
    outer loop
      vertex 5.914956e+00 8.449938e-01 3.379975e+00
      vertex 5.407960e+00 2.483565e-16 4.055970e+00
      vertex 5.407960e+00 1.655710e-16 2.703980e+00
    endloop
  endfacet
  facet normal 9.045340e-01 -3.015113e-01 -3.015113e-01
    outer loop
      vertex 5.914956e+00 8.449938e-01 3.379975e+00
      vertex 5.407960e+00 1.655710e-16 2.703980e+00
      vertex 5.407960e+00 6.759950e-01 2.027985e+00
    endloop
  endfacet
  facet normal 6.963106e-01 -1.740777e-01 -6.963106e-01
    outer loop
      vertex 5.914956e+00 3.379975e+00 8.449937e-01
      vertex 6.083955e+00 2.027985e+00 1.351990e+00
      vertex 5.407960e+00 2.027985e+00 6.759950e-01
    endloop
  endfacet
  facet normal 9.045340e-01 -3.015113e-01 -3.015113e-01
    outer loop
      vertex 5.914956e+00 3.379975e+00 8.449937e-01
      vertex 5.407960e+00 2.027985e+00 6.759950e-01
      vertex 5.407960e+00 2.703980e+00 0.000000e+00
    endloop
  endfacet
  facet normal 8.574929e-01 0.000000e+00 -5.144958e-01
    outer loop
      vertex 5.914956e+00 3.379975e+00 8.449937e-01
      vertex 5.407960e+00 2.703980e+00 0.000000e+00
      vertex 5.407960e+00 4.055970e+00 0.000000e+00
    endloop
  endfacet
  facet normal 9.045340e-01 3.015113e-01 -3.015113e-01
    outer loop
      vertex 5.914956e+00 3.379975e+00 8.449937e-01
      vertex 5.407960e+00 4.055970e+00 0.000000e+00
      vertex 5.407960e+00 4.731965e+00 6.759950e-01
    endloop
  endfacet
  facet normal 6.963106e-01 1.740777e-01 -6.963106e-01
    outer loop
      vertex 5.914956e+00 3.379975e+00 8.449937e-01
      vertex 5.407960e+00 4.731965e+00 6.759950e-01
      vertex 6.083955e+00 4.731965e+00 1.351990e+00
    endloop
  endfacet
  facet normal 3.015113e-01 3.015113e-01 -9.045340e-01
    outer loop
      vertex 5.914956e+00 3.379975e+00 8.449937e-01
      vertex 6.083955e+00 4.731965e+00 1.351990e+00
      vertex 6.759950e+00 4.055970e+00 1.351990e+00
    endloop
  endfacet
  facet normal 5.144958e-01 0.000000e+00 -8.574929e-01
    outer loop
      vertex 5.914956e+00 3.379975e+00 8.449937e-01
      vertex 6.759950e+00 4.055970e+00 1.351990e+00
      vertex 6.759950e+00 2.703980e+00 1.351990e+00
    endloop
  endfacet
  facet normal 3.015113e-01 -3.015113e-01 -9.045340e-01
    outer loop
      vertex 5.914956e+00 3.379975e+00 8.449937e-01
      vertex 6.759950e+00 2.703980e+00 1.351990e+00
      vertex 6.083955e+00 2.027985e+00 1.351990e+00
    endloop
  endfacet
  facet normal -5.773503e-01 5.773503e-01 5.773503e-01
    outer loop
      vertex 1.351990e+00 5.407960e+00 5.407960e+00
      vertex 6.759950e-01 4.731965e+00 5.407960e+00
      vertex 1.351990e+00 4.731965e+00 6.083955e+00
    endloop
  endfacet
  facet normal -5.773503e-01 5.773503e-01 5.773503e-01
    outer loop
      vertex 1.351990e+00 5.407960e+00 5.407960e+00
      vertex 1.351990e+00 4.731965e+00 6.083955e+00
      vertex 2.027985e+00 5.407960e+00 6.083955e+00
    endloop
  endfacet
  facet normal -5.773503e-01 5.773503e-01 5.773503e-01
    outer loop
      vertex 1.351990e+00 5.407960e+00 5.407960e+00
      vertex 2.027985e+00 5.407960e+00 6.083955e+00
      vertex 2.027985e+00 6.083955e+00 5.407960e+00
    endloop
  endfacet
  facet normal -5.773503e-01 5.773503e-01 5.773503e-01
    outer loop
      vertex 1.351990e+00 5.407960e+00 5.407960e+00
      vertex 2.027985e+00 6.083955e+00 5.407960e+00
      vertex 1.351990e+00 6.083955e+00 4.731965e+00
    endloop
  endfacet
  facet normal -5.773503e-01 5.773503e-01 5.773503e-01
    outer loop
      vertex 1.351990e+00 5.407960e+00 5.407960e+00
      vertex 1.351990e+00 6.083955e+00 4.731965e+00
      vertex 6.759950e-01 5.407960e+00 4.731965e+00
    endloop
  endfacet
  facet normal -5.773503e-01 5.773503e-01 5.773503e-01
    outer loop
      vertex 1.351990e+00 5.407960e+00 5.407960e+00
      vertex 6.759950e-01 5.407960e+00 4.731965e+00
      vertex 6.759950e-01 4.731965e+00 5.407960e+00
    endloop
  endfacet
  facet normal 5.773503e-01 -5.773503e-01 5.773503e-01
    outer loop
      vertex 5.407960e+00 1.351990e+00 5.407960e+00
      vertex 4.731965e+00 1.351990e+00 6.083955e+00
      vertex 4.731965e+00 6.759950e-01 5.407960e+00
    endloop
  endfacet
  facet normal 5.773503e-01 -5.773503e-01 5.773503e-01
    outer loop
      vertex 5.407960e+00 1.351990e+00 5.407960e+00
      vertex 4.731965e+00 6.759950e-01 5.407960e+00
      vertex 5.407960e+00 6.759950e-01 4.731965e+00
    endloop
  endfacet
  facet normal 5.773503e-01 -5.773503e-01 5.773503e-01
    outer loop
      vertex 5.407960e+00 1.351990e+00 5.407960e+00
      vertex 5.407960e+00 6.759950e-01 4.731965e+00
      vertex 6.083955e+00 1.351990e+00 4.731965e+00
    endloop
  endfacet
  facet normal 5.773503e-01 -5.773503e-01 5.773503e-01
    outer loop
      vertex 5.407960e+00 1.351990e+00 5.407960e+00
      vertex 6.083955e+00 1.351990e+00 4.731965e+00
      vertex 6.083955e+00 2.027985e+00 5.407960e+00
    endloop
  endfacet
  facet normal 5.773503e-01 -5.773503e-01 5.773503e-01
    outer loop
      vertex 5.407960e+00 1.351990e+00 5.407960e+00
      vertex 6.083955e+00 2.027985e+00 5.407960e+00
      vertex 5.407960e+00 2.027985e+00 6.083955e+00
    endloop
  endfacet
  facet normal 5.773503e-01 -5.773503e-01 5.773503e-01
    outer loop
      vertex 5.407960e+00 1.351990e+00 5.407960e+00
      vertex 5.407960e+00 2.027985e+00 6.083955e+00
      vertex 4.731965e+00 1.351990e+00 6.083955e+00
    endloop
  endfacet
  facet normal 5.773503e-01 5.773503e-01 -5.773503e-01
    outer loop
      vertex 5.407960e+00 5.407960e+00 1.351990e+00
      vertex 4.731965e+00 5.407960e+00 6.759950e-01
      vertex 4.731965e+00 6.083955e+00 1.351990e+00
    endloop
  endfacet
  facet normal 5.773503e-01 5.773503e-01 -5.773503e-01
    outer loop
      vertex 5.407960e+00 5.407960e+00 1.351990e+00
      vertex 4.731965e+00 6.083955e+00 1.351990e+00
      vertex 5.407960e+00 6.083955e+00 2.027985e+00
    endloop
  endfacet
  facet normal 5.773503e-01 5.773503e-01 -5.773503e-01
    outer loop
      vertex 5.407960e+00 5.407960e+00 1.351990e+00
      vertex 5.407960e+00 6.083955e+00 2.027985e+00
      vertex 6.083955e+00 5.407960e+00 2.027985e+00
    endloop
  endfacet
  facet normal 5.773503e-01 5.773503e-01 -5.773503e-01
    outer loop
      vertex 5.407960e+00 5.407960e+00 1.351990e+00
      vertex 6.083955e+00 5.407960e+00 2.027985e+00
      vertex 6.083955e+00 4.731965e+00 1.351990e+00
    endloop
  endfacet
  facet normal 5.773503e-01 5.773503e-01 -5.773503e-01
    outer loop
      vertex 5.407960e+00 5.407960e+00 1.351990e+00
      vertex 6.083955e+00 4.731965e+00 1.351990e+00
      vertex 5.407960e+00 4.731965e+00 6.759950e-01
    endloop
  endfacet
  facet normal 5.773503e-01 5.773503e-01 -5.773503e-01
    outer loop
      vertex 5.407960e+00 5.407960e+00 1.351990e+00
      vertex 5.407960e+00 4.731965e+00 6.759950e-01
      vertex 4.731965e+00 5.407960e+00 6.759950e-01
    endloop
  endfacet
  facet normal -1.740777e-01 6.963106e-01 6.963106e-01
    outer loop
      vertex 3.379975e+00 5.914956e+00 5.914956e+00
      vertex 2.027985e+00 6.083955e+00 5.407960e+00
      vertex 2.027985e+00 5.407960e+00 6.083955e+00
    endloop
  endfacet
  facet normal -3.015113e-01 9.045340e-01 3.015113e-01
    outer loop
      vertex 3.379975e+00 5.914956e+00 5.914956e+00
      vertex 2.027985e+00 5.407960e+00 6.083955e+00
      vertex 2.703980e+00 5.407960e+00 6.759950e+00
    endloop
  endfacet
  facet normal 0.000000e+00 8.574929e-01 5.144958e-01
    outer loop
      vertex 3.379975e+00 5.914956e+00 5.914956e+00
      vertex 2.703980e+00 5.407960e+00 6.759950e+00
      vertex 4.055970e+00 5.407960e+00 6.759950e+00
    endloop
  endfacet
  facet normal 3.015113e-01 9.045340e-01 3.015113e-01
    outer loop
      vertex 3.379975e+00 5.914956e+00 5.914956e+00
      vertex 4.055970e+00 5.407960e+00 6.759950e+00
      vertex 4.731965e+00 5.407960e+00 6.083955e+00
    endloop
  endfacet
  facet normal 1.740777e-01 6.963106e-01 6.963106e-01
    outer loop
      vertex 3.379975e+00 5.914956e+00 5.914956e+00
      vertex 4.731965e+00 5.407960e+00 6.083955e+00
      vertex 4.731965e+00 6.083955e+00 5.407960e+00
    endloop
  endfacet
  facet normal 3.015113e-01 3.015113e-01 9.045340e-01
    outer loop
      vertex 3.379975e+00 5.914956e+00 5.914956e+00
      vertex 4.731965e+00 6.083955e+00 5.407960e+00
      vertex 4.055970e+00 6.759950e+00 5.407960e+00
    endloop
  endfacet
  facet normal 0.000000e+00 5.144958e-01 8.574929e-01
    outer loop
      vertex 3.379975e+00 5.914956e+00 5.914956e+00
      vertex 4.055970e+00 6.759950e+00 5.407960e+00
      vertex 2.703980e+00 6.759950e+00 5.407960e+00
    endloop
  endfacet
  facet normal -3.015113e-01 3.015113e-01 9.045340e-01
    outer loop
      vertex 3.379975e+00 5.914956e+00 5.914956e+00
      vertex 2.703980e+00 6.759950e+00 5.407960e+00
      vertex 2.027985e+00 6.083955e+00 5.407960e+00
    endloop
  endfacet
  facet normal 6.963106e-01 -1.740777e-01 6.963106e-01
    outer loop
      vertex 5.914956e+00 3.379975e+00 5.914956e+00
      vertex 5.407960e+00 2.027985e+00 6.083955e+00
      vertex 6.083955e+00 2.027985e+00 5.407960e+00
    endloop
  endfacet
  facet normal 3.015113e-01 -3.015113e-01 9.045340e-01
    outer loop
      vertex 5.914956e+00 3.379975e+00 5.914956e+00
      vertex 6.083955e+00 2.027985e+00 5.407960e+00
      vertex 6.759950e+00 2.703980e+00 5.407960e+00
    endloop
  endfacet
  facet normal 5.144958e-01 0.000000e+00 8.574929e-01
    outer loop
      vertex 5.914956e+00 3.379975e+00 5.914956e+00
      vertex 6.759950e+00 2.703980e+00 5.407960e+00
      vertex 6.759950e+00 4.055970e+00 5.407960e+00
    endloop
  endfacet
  facet normal 3.015113e-01 3.015113e-01 9.045340e-01
    outer loop
      vertex 5.914956e+00 3.379975e+00 5.914956e+00
      vertex 6.759950e+00 4.055970e+00 5.407960e+00
      vertex 6.083955e+00 4.731965e+00 5.407960e+00
    endloop
  endfacet
  facet normal 6.963106e-01 1.740777e-01 6.963106e-01
    outer loop
      vertex 5.914956e+00 3.379975e+00 5.914956e+00
      vertex 6.083955e+00 4.731965e+00 5.407960e+00
      vertex 5.407960e+00 4.731965e+00 6.083955e+00
    endloop
  endfacet
  facet normal 9.045340e-01 3.015113e-01 3.015113e-01
    outer loop
      vertex 5.914956e+00 3.379975e+00 5.914956e+00
      vertex 5.407960e+00 4.731965e+00 6.083955e+00
      vertex 5.407960e+00 4.055970e+00 6.759950e+00
    endloop
  endfacet
  facet normal 8.574929e-01 0.000000e+00 5.144958e-01
    outer loop
      vertex 5.914956e+00 3.379975e+00 5.914956e+00
      vertex 5.407960e+00 4.055970e+00 6.759950e+00
      vertex 5.407960e+00 2.703980e+00 6.759950e+00
    endloop
  endfacet
  facet normal 9.045340e-01 -3.015113e-01 3.015113e-01
    outer loop
      vertex 5.914956e+00 3.379975e+00 5.914956e+00
      vertex 5.407960e+00 2.703980e+00 6.759950e+00
      vertex 5.407960e+00 2.027985e+00 6.083955e+00
    endloop
  endfacet
  facet normal 6.963106e-01 6.963106e-01 -1.740777e-01
    outer loop
      vertex 5.914956e+00 5.914956e+00 3.379975e+00
      vertex 6.083955e+00 5.407960e+00 2.027985e+00
      vertex 5.407960e+00 6.083955e+00 2.027985e+00
    endloop
  endfacet
  facet normal 9.045340e-01 3.015113e-01 -3.015113e-01
    outer loop
      vertex 5.914956e+00 5.914956e+00 3.379975e+00
      vertex 5.407960e+00 6.083955e+00 2.027985e+00
      vertex 5.407960e+00 6.759950e+00 2.703980e+00
    endloop
  endfacet
  facet normal 8.574929e-01 5.144958e-01 0.000000e+00
    outer loop
      vertex 5.914956e+00 5.914956e+00 3.379975e+00
      vertex 5.407960e+00 6.759950e+00 2.703980e+00
      vertex 5.407960e+00 6.759950e+00 4.055970e+00
    endloop
  endfacet
  facet normal 9.045340e-01 3.015113e-01 3.015113e-01
    outer loop
      vertex 5.914956e+00 5.914956e+00 3.379975e+00
      vertex 5.407960e+00 6.759950e+00 4.055970e+00
      vertex 5.407960e+00 6.083955e+00 4.731965e+00
    endloop
  endfacet
  facet normal 6.963106e-01 6.963106e-01 1.740777e-01
    outer loop
      vertex 5.914956e+00 5.914956e+00 3.379975e+00
      vertex 5.407960e+00 6.083955e+00 4.731965e+00
      vertex 6.083955e+00 5.407960e+00 4.731965e+00
    endloop
  endfacet
  facet normal 3.015113e-01 9.045340e-01 3.015113e-01
    outer loop
      vertex 5.914956e+00 5.914956e+00 3.379975e+00
      vertex 6.083955e+00 5.407960e+00 4.731965e+00
      vertex 6.759950e+00 5.407960e+00 4.055970e+00
    endloop
  endfacet
  facet normal 5.144958e-01 8.574929e-01 0.000000e+00
    outer loop
      vertex 5.914956e+00 5.914956e+00 3.379975e+00
      vertex 6.759950e+00 5.407960e+00 4.055970e+00
      vertex 6.759950e+00 5.407960e+00 2.703980e+00
    endloop
  endfacet
  facet normal 3.015113e-01 9.045340e-01 -3.015113e-01
    outer loop
      vertex 5.914956e+00 5.914956e+00 3.379975e+00
      vertex 6.759950e+00 5.407960e+00 2.703980e+00
      vertex 6.083955e+00 5.407960e+00 2.027985e+00
    endloop
  endfacet
  facet normal 5.773503e-01 5.773503e-01 5.773503e-01
    outer loop
      vertex 5.407960e+00 5.407960e+00 5.407960e+00
      vertex 4.731965e+00 6.083955e+00 5.407960e+00
      vertex 4.731965e+00 5.407960e+00 6.083955e+00
    endloop
  endfacet
  facet normal 5.773503e-01 5.773503e-01 5.773503e-01
    outer loop
      vertex 5.407960e+00 5.407960e+00 5.407960e+00
      vertex 4.731965e+00 5.407960e+00 6.083955e+00
      vertex 5.407960e+00 4.731965e+00 6.083955e+00
    endloop
  endfacet
  facet normal 5.773503e-01 5.773503e-01 5.773503e-01
    outer loop
      vertex 5.407960e+00 5.407960e+00 5.407960e+00
      vertex 5.407960e+00 4.731965e+00 6.083955e+00
      vertex 6.083955e+00 4.731965e+00 5.407960e+00
    endloop
  endfacet
  facet normal 5.773503e-01 5.773503e-01 5.773503e-01
    outer loop
      vertex 5.407960e+00 5.407960e+00 5.407960e+00
      vertex 6.083955e+00 4.731965e+00 5.407960e+00
      vertex 6.083955e+00 5.407960e+00 4.731965e+00
    endloop
  endfacet
  facet normal 5.773503e-01 5.773503e-01 5.773503e-01
    outer loop
      vertex 5.407960e+00 5.407960e+00 5.407960e+00
      vertex 6.083955e+00 5.407960e+00 4.731965e+00
      vertex 5.407960e+00 6.083955e+00 4.731965e+00
    endloop
  endfacet
  facet normal 5.773503e-01 5.773503e-01 5.773503e-01
    outer loop
      vertex 5.407960e+00 5.407960e+00 5.407960e+00
      vertex 5.407960e+00 6.083955e+00 4.731965e+00
      vertex 4.731965e+00 6.083955e+00 5.407960e+00
    endloop
  endfacet
  facet normal 5.144958e-01 -8.574929e-01 -4.166619e-17
    outer loop
      vertex -8.449937e-01 8.449938e-01 3.379975e+00
      vertex 2.483565e-16 1.351990e+00 2.703980e+00
      vertex 3.311420e-16 1.351990e+00 4.055970e+00
    endloop
  endfacet
  facet normal 3.015113e-01 -9.045340e-01 3.015113e-01
    outer loop
      vertex -8.449937e-01 8.449938e-01 3.379975e+00
      vertex 3.311420e-16 1.351990e+00 4.055970e+00
      vertex -6.759950e-01 1.351990e+00 4.731965e+00
    endloop
  endfacet
  facet normal 6.963106e-01 -6.963106e-01 1.740777e-01
    outer loop
      vertex -8.449937e-01 8.449938e-01 3.379975e+00
      vertex -6.759950e-01 1.351990e+00 4.731965e+00
      vertex -1.351990e+00 6.759950e-01 4.731965e+00
    endloop
  endfacet
  facet normal 9.045340e-01 -3.015113e-01 3.015113e-01
    outer loop
      vertex -8.449937e-01 8.449938e-01 3.379975e+00
      vertex -1.351990e+00 6.759950e-01 4.731965e+00
      vertex -1.351990e+00 2.483565e-16 4.055970e+00
    endloop
  endfacet
  facet normal 8.574929e-01 -5.144958e-01 4.166619e-17
    outer loop
      vertex -8.449937e-01 8.449938e-01 3.379975e+00
      vertex -1.351990e+00 2.483565e-16 4.055970e+00
      vertex -1.351990e+00 1.655710e-16 2.703980e+00
    endloop
  endfacet
  facet normal 9.045340e-01 -3.015113e-01 -3.015113e-01
    outer loop
      vertex -8.449937e-01 8.449938e-01 3.379975e+00
      vertex -1.351990e+00 1.655710e-16 2.703980e+00
      vertex -1.351990e+00 6.759950e-01 2.027985e+00
    endloop
  endfacet
  facet normal 6.963106e-01 -6.963106e-01 -1.740777e-01
    outer loop
      vertex -8.449937e-01 8.449938e-01 3.379975e+00
      vertex -1.351990e+00 6.759950e-01 2.027985e+00
      vertex -6.759950e-01 1.351990e+00 2.027985e+00
    endloop
  endfacet
  facet normal 3.015113e-01 -9.045340e-01 -3.015113e-01
    outer loop
      vertex -8.449937e-01 8.449938e-01 3.379975e+00
      vertex -6.759950e-01 1.351990e+00 2.027985e+00
      vertex 2.483565e-16 1.351990e+00 2.703980e+00
    endloop
  endfacet
  facet normal 5.144958e-01 -4.166619e-17 -8.574929e-01
    outer loop
      vertex -8.449937e-01 3.379975e+00 8.449938e-01
      vertex 3.311420e-16 4.055970e+00 1.351990e+00
      vertex 2.483565e-16 2.703980e+00 1.351990e+00
    endloop
  endfacet
  facet normal 3.015113e-01 -3.015113e-01 -9.045340e-01
    outer loop
      vertex -8.449937e-01 3.379975e+00 8.449938e-01
      vertex 2.483565e-16 2.703980e+00 1.351990e+00
      vertex -6.759950e-01 2.027985e+00 1.351990e+00
    endloop
  endfacet
  facet normal 6.963106e-01 -1.740777e-01 -6.963106e-01
    outer loop
      vertex -8.449937e-01 3.379975e+00 8.449938e-01
      vertex -6.759950e-01 2.027985e+00 1.351990e+00
      vertex -1.351990e+00 2.027985e+00 6.759950e-01
    endloop
  endfacet
  facet normal 9.045340e-01 -3.015113e-01 -3.015113e-01
    outer loop
      vertex -8.449937e-01 3.379975e+00 8.449938e-01
      vertex -1.351990e+00 2.027985e+00 6.759950e-01
      vertex -1.351990e+00 2.703980e+00 0.000000e+00
    endloop
  endfacet
  facet normal 8.574929e-01 0.000000e+00 -5.144958e-01
    outer loop
      vertex -8.449937e-01 3.379975e+00 8.449938e-01
      vertex -1.351990e+00 2.703980e+00 0.000000e+00
      vertex -1.351990e+00 4.055970e+00 0.000000e+00
    endloop
  endfacet
  facet normal 9.045340e-01 3.015113e-01 -3.015113e-01
    outer loop
      vertex -8.449937e-01 3.379975e+00 8.449938e-01
      vertex -1.351990e+00 4.055970e+00 0.000000e+00
      vertex -1.351990e+00 4.731965e+00 6.759950e-01
    endloop
  endfacet
  facet normal 6.963106e-01 1.740777e-01 -6.963106e-01
    outer loop
      vertex -8.449937e-01 3.379975e+00 8.449938e-01
      vertex -1.351990e+00 4.731965e+00 6.759950e-01
      vertex -6.759950e-01 4.731965e+00 1.351990e+00
    endloop
  endfacet
  facet normal 3.015113e-01 3.015113e-01 -9.045340e-01
    outer loop
      vertex -8.449937e-01 3.379975e+00 8.449938e-01
      vertex -6.759950e-01 4.731965e+00 1.351990e+00
      vertex 3.311420e-16 4.055970e+00 1.351990e+00
    endloop
  endfacet
