solid surface_model
  facet normal 2.257411e-01 -1.693126e-01 -9.593613e-01
    outer loop
      vertex 1.631578e+00 1.631578e+00 2.975172e+00
      vertex 6.718506e-01 1.439614e+00 2.783223e+00
      vertex 1.247696e+00 2.207378e+00 2.783223e+00
    endloop
  endfacet
  facet normal 6.593727e-01 1.978039e-01 -7.253284e-01
    outer loop
      vertex 1.631578e+00 1.631578e+00 2.975172e+00
      vertex 1.247696e+00 2.207378e+00 2.783223e+00
      vertex 1.823542e+00 2.399387e+00 3.359069e+00
    endloop
  endfacet
  facet normal 3.481469e-01 3.481469e-01 -8.703950e-01
    outer loop
      vertex 1.631578e+00 1.631578e+00 2.975172e+00
      vertex 1.823542e+00 2.399387e+00 3.359069e+00
      vertex 2.399387e+00 1.823542e+00 3.359069e+00
    endloop
  endfacet
  facet normal 1.978039e-01 6.593727e-01 -7.253284e-01
    outer loop
      vertex 1.631578e+00 1.631578e+00 2.975172e+00
      vertex 2.399387e+00 1.823542e+00 3.359069e+00
      vertex 2.207378e+00 1.247696e+00 2.783223e+00
    endloop
  endfacet
  facet normal -1.693126e-01 2.257411e-01 -9.593613e-01
    outer loop
      vertex 1.631578e+00 1.631578e+00 2.975172e+00
      vertex 2.207378e+00 1.247696e+00 2.783223e+00
      vertex 1.439614e+00 6.718506e-01 2.783223e+00
    endloop
  endfacet
  facet normal 1.622214e-01 1.622214e-01 -9.733285e-01
    outer loop
      vertex 1.631578e+00 1.631578e+00 2.975172e+00
      vertex 1.439614e+00 6.718506e-01 2.783223e+00
      vertex 6.718506e-01 1.439614e+00 2.783223e+00
    endloop
  endfacet
  facet normal 3.310290e-01 -2.482817e-01 -9.103714e-01
    outer loop
      vertex 2.775558e-16 2.303359e+00 2.303359e+00
      vertex 1.247696e+00 2.207378e+00 2.783223e+00
      vertex 6.718506e-01 1.439614e+00 2.783223e+00
    endloop
  endfacet
  facet normal 0.000000e+00 -4.856469e-01 -8.741551e-01
    outer loop
      vertex 2.775558e-16 2.303359e+00 2.303359e+00
      vertex 6.718506e-01 1.439614e+00 2.783223e+00
      vertex -6.718506e-01 1.439614e+00 2.783223e+00
    endloop
  endfacet
  facet normal -3.310290e-01 -2.482817e-01 -9.103714e-01
    outer loop
      vertex 2.775558e-16 2.303359e+00 2.303359e+00
      vertex -6.718506e-01 1.439614e+00 2.783223e+00
      vertex -1.247696e+00 2.207378e+00 2.783223e+00
    endloop
  endfacet
  facet normal -2.125845e-01 -6.909442e-01 -6.909442e-01
    outer loop
      vertex 2.775558e-16 2.303359e+00 2.303359e+00
      vertex -1.247696e+00 2.207378e+00 2.783223e+00
      vertex -1.247696e+00 2.783223e+00 2.207378e+00
    endloop
  endfacet
  facet normal -3.310290e-01 -9.103714e-01 -2.482817e-01
    outer loop
      vertex 2.775558e-16 2.303359e+00 2.303359e+00
      vertex -1.247696e+00 2.783223e+00 2.207378e+00
      vertex -6.718506e-01 2.783223e+00 1.439614e+00
    endloop
  endfacet
  facet normal 0.000000e+00 -8.741551e-01 -4.856469e-01
    outer loop
      vertex 2.775558e-16 2.303359e+00 2.303359e+00
      vertex -6.718506e-01 2.783223e+00 1.439614e+00
      vertex 6.718506e-01 2.783223e+00 1.439614e+00
    endloop
  endfacet
  facet normal 3.310290e-01 -9.103714e-01 -2.482817e-01
    outer loop
      vertex 2.775558e-16 2.303359e+00 2.303359e+00
      vertex 6.718506e-01 2.783223e+00 1.439614e+00
      vertex 1.247696e+00 2.783223e+00 2.207378e+00
    endloop
  endfacet
  facet normal 2.125845e-01 -6.909442e-01 -6.909442e-01
    outer loop
      vertex 2.775558e-16 2.303359e+00 2.303359e+00
      vertex 1.247696e+00 2.783223e+00 2.207378e+00
      vertex 1.247696e+00 2.207378e+00 2.783223e+00
    endloop
  endfacet
  facet normal 2.257411e-01 -9.593613e-01 -1.693126e-01
    outer loop
      vertex 1.631578e+00 2.975172e+00 1.631578e+00
      vertex 1.247696e+00 2.783223e+00 2.207378e+00
      vertex 6.718506e-01 2.783223e+00 1.439614e+00
    endloop
  endfacet
  facet normal 1.622214e-01 -9.733285e-01 1.622214e-01
    outer loop
      vertex 1.631578e+00 2.975172e+00 1.631578e+00
      vertex 6.718506e-01 2.783223e+00 1.439614e+00
      vertex 1.439614e+00 2.783223e+00 6.718506e-01
    endloop
  endfacet
  facet normal -1.693126e-01 -9.593613e-01 2.257411e-01
    outer loop
      vertex 1.631578e+00 2.975172e+00 1.631578e+00
      vertex 1.439614e+00 2.783223e+00 6.718506e-01
      vertex 2.207378e+00 2.783223e+00 1.247696e+00
    endloop
  endfacet
  facet normal 1.978039e-01 -7.253284e-01 6.593727e-01
    outer loop
      vertex 1.631578e+00 2.975172e+00 1.631578e+00
      vertex 2.207378e+00 2.783223e+00 1.247696e+00
      vertex 2.399387e+00 3.359069e+00 1.823542e+00
    endloop
  endfacet
  facet normal 3.481469e-01 -8.703950e-01 3.481469e-01
    outer loop
      vertex 1.631578e+00 2.975172e+00 1.631578e+00
      vertex 2.399387e+00 3.359069e+00 1.823542e+00
      vertex 1.823542e+00 3.359069e+00 2.399387e+00
    endloop
  endfacet
  facet normal 6.593727e-01 -7.253284e-01 1.978039e-01
    outer loop
      vertex 1.631578e+00 2.975172e+00 1.631578e+00
      vertex 1.823542e+00 3.359069e+00 2.399387e+00
      vertex 1.247696e+00 2.783223e+00 2.207378e+00
    endloop
  endfacet
  facet normal -2.482817e-01 3.310290e-01 -9.103714e-01
    outer loop
      vertex 2.303359e+00 1.665335e-16 2.303359e+00
      vertex 1.439614e+00 6.718506e-01 2.783223e+00
      vertex 2.207378e+00 1.247696e+00 2.783223e+00
    endloop
  endfacet
  facet normal -6.909442e-01 2.125845e-01 -6.909442e-01
    outer loop
      vertex 2.303359e+00 1.665335e-16 2.303359e+00
      vertex 2.207378e+00 1.247696e+00 2.783223e+00
      vertex 2.783223e+00 1.247696e+00 2.207378e+00
    endloop
  endfacet
  facet normal -9.103714e-01 3.310290e-01 -2.482817e-01
    outer loop
      vertex 2.303359e+00 1.665335e-16 2.303359e+00
      vertex 2.783223e+00 1.247696e+00 2.207378e+00
      vertex 2.783223e+00 6.718506e-01 1.439614e+00
    endloop
  endfacet
  facet normal -8.741551e-01 0.000000e+00 -4.856469e-01
    outer loop
      vertex 2.303359e+00 1.665335e-16 2.303359e+00
      vertex 2.783223e+00 6.718506e-01 1.439614e+00
      vertex 2.783223e+00 -6.718506e-01 1.439614e+00
    endloop
  endfacet
  facet normal -9.103714e-01 -3.310290e-01 -2.482817e-01
    outer loop
      vertex 2.303359e+00 1.665335e-16 2.303359e+00
      vertex 2.783223e+00 -6.718506e-01 1.439614e+00
      vertex 2.783223e+00 -1.247696e+00 2.207378e+00
    endloop
  endfacet
  facet normal -6.909442e-01 -2.125845e-01 -6.909442e-01
    outer loop
      vertex 2.303359e+00 1.665335e-16 2.303359e+00
      vertex 2.783223e+00 -1.247696e+00 2.207378e+00
      vertex 2.207378e+00 -1.247696e+00 2.783223e+00
    endloop
  endfacet
  facet normal -2.482817e-01 -3.310290e-01 -9.103714e-01
    outer loop
      vertex 2.303359e+00 1.665335e-16 2.303359e+00
      vertex 2.207378e+00 -1.247696e+00 2.783223e+00
      vertex 1.439614e+00 -6.718506e-01 2.783223e+00
    endloop
  endfacet
  facet normal -4.856469e-01 8.362002e-17 -8.741551e-01
    outer loop
      vertex 2.303359e+00 1.665335e-16 2.303359e+00
      vertex 1.439614e+00 -6.718506e-01 2.783223e+00
      vertex 1.439614e+00 6.718506e-01 2.783223e+00
    endloop
  endfacet
  facet normal -2.482817e-01 -9.103714e-01 3.310290e-01
    outer loop
      vertex 2.303359e+00 2.303359e+00 1.110223e-16
      vertex 2.207378e+00 2.783223e+00 1.247696e+00
      vertex 1.439614e+00 2.783223e+00 6.718506e-01
    endloop
  endfacet
  facet normal -4.856469e-01 -8.741551e-01 8.362002e-17
    outer loop
      vertex 2.303359e+00 2.303359e+00 1.110223e-16
      vertex 1.439614e+00 2.783223e+00 6.718506e-01
      vertex 1.439614e+00 2.783223e+00 -6.718506e-01
    endloop
  endfacet
  facet normal -2.482817e-01 -9.103714e-01 -3.310290e-01
    outer loop
      vertex 2.303359e+00 2.303359e+00 1.110223e-16
      vertex 1.439614e+00 2.783223e+00 -6.718506e-01
      vertex 2.207378e+00 2.783223e+00 -1.247696e+00
    endloop
  endfacet
  facet normal -6.909442e-01 -6.909442e-01 -2.125845e-01
    outer loop
      vertex 2.303359e+00 2.303359e+00 1.110223e-16
      vertex 2.207378e+00 2.783223e+00 -1.247696e+00
      vertex 2.783223e+00 2.207378e+00 -1.247696e+00
    endloop
  endfacet
  facet normal -9.103714e-01 -2.482817e-01 -3.310290e-01
    outer loop
      vertex 2.303359e+00 2.303359e+00 1.110223e-16
      vertex 2.783223e+00 2.207378e+00 -1.247696e+00
      vertex 2.783223e+00 1.439614e+00 -6.718506e-01
    endloop
  endfacet
  facet normal -8.741551e-01 -4.856469e-01 8.362002e-17
    outer loop
      vertex 2.303359e+00 2.303359e+00 1.110223e-16
      vertex 2.783223e+00 1.439614e+00 -6.718506e-01
      vertex 2.783223e+00 1.439614e+00 6.718506e-01
    endloop
  endfacet
  facet normal -9.103714e-01 -2.482817e-01 3.310290e-01
    outer loop
      vertex 2.303359e+00 2.303359e+00 1.110223e-16
      vertex 2.783223e+00 1.439614e+00 6.718506e-01
      vertex 2.783223e+00 2.207378e+00 1.247696e+00
    endloop
  endfacet
  facet normal -6.909442e-01 -6.909442e-01 2.125845e-01
    outer loop
      vertex 2.303359e+00 2.303359e+00 1.110223e-16
      vertex 2.783223e+00 2.207378e+00 1.247696e+00
      vertex 2.207378e+00 2.783223e+00 1.247696e+00
    endloop
  endfacet
  facet normal -9.593613e-01 2.257411e-01 -1.693126e-01
    outer loop
      vertex 2.975172e+00 1.631578e+00 1.631578e+00
      vertex 2.783223e+00 6.718506e-01 1.439614e+00
      vertex 2.783223e+00 1.247696e+00 2.207378e+00
    endloop
  endfacet
  facet normal -7.253284e-01 6.593727e-01 1.978039e-01
    outer loop
      vertex 2.975172e+00 1.631578e+00 1.631578e+00
      vertex 2.783223e+00 1.247696e+00 2.207378e+00
      vertex 3.359069e+00 1.823542e+00 2.399387e+00
    endloop
  endfacet
  facet normal -8.703950e-01 3.481469e-01 3.481469e-01
    outer loop
      vertex 2.975172e+00 1.631578e+00 1.631578e+00
      vertex 3.359069e+00 1.823542e+00 2.399387e+00
      vertex 3.359069e+00 2.399387e+00 1.823542e+00
    endloop
  endfacet
  facet normal -7.253284e-01 1.978039e-01 6.593727e-01
    outer loop
      vertex 2.975172e+00 1.631578e+00 1.631578e+00
      vertex 3.359069e+00 2.399387e+00 1.823542e+00
      vertex 2.783223e+00 2.207378e+00 1.247696e+00
    endloop
  endfacet
  facet normal -9.593613e-01 -1.693126e-01 2.257411e-01
    outer loop
      vertex 2.975172e+00 1.631578e+00 1.631578e+00
      vertex 2.783223e+00 2.207378e+00 1.247696e+00
      vertex 2.783223e+00 1.439614e+00 6.718506e-01
    endloop
  endfacet
  facet normal -9.733285e-01 1.622214e-01 1.622214e-01
    outer loop
      vertex 2.975172e+00 1.631578e+00 1.631578e+00
      vertex 2.783223e+00 1.439614e+00 6.718506e-01
      vertex 2.783223e+00 6.718506e-01 1.439614e+00
    endloop
  endfacet
  facet normal 9.593613e-01 1.693126e-01 -2.257411e-01
    outer loop
      vertex 1.631593e+00 2.975187e+00 2.975187e+00
      vertex 1.823542e+00 3.167151e+00 3.934914e+00
      vertex 1.823542e+00 2.399387e+00 3.359069e+00
    endloop
  endfacet
  facet normal 7.253284e-01 -1.978039e-01 -6.593727e-01
    outer loop
      vertex 1.631593e+00 2.975187e+00 2.975187e+00
      vertex 1.823542e+00 2.399387e+00 3.359069e+00
      vertex 1.247696e+00 2.207378e+00 2.783223e+00
    endloop
  endfacet
  facet normal 8.703950e-01 -3.481469e-01 -3.481469e-01
    outer loop
      vertex 1.631593e+00 2.975187e+00 2.975187e+00
      vertex 1.247696e+00 2.207378e+00 2.783223e+00
      vertex 1.247696e+00 2.783223e+00 2.207378e+00
    endloop
  endfacet
  facet normal 7.253284e-01 -6.593727e-01 -1.978039e-01
    outer loop
      vertex 1.631593e+00 2.975187e+00 2.975187e+00
      vertex 1.247696e+00 2.783223e+00 2.207378e+00
      vertex 1.823542e+00 3.359069e+00 2.399387e+00
    endloop
  endfacet
  facet normal 9.593613e-01 -2.257411e-01 1.693126e-01
    outer loop
      vertex 1.631593e+00 2.975187e+00 2.975187e+00
      vertex 1.823542e+00 3.359069e+00 2.399387e+00
      vertex 1.823542e+00 3.934914e+00 3.167151e+00
    endloop
  endfacet
  facet normal 9.733285e-01 -1.622214e-01 -1.622214e-01
    outer loop
      vertex 1.631593e+00 2.975187e+00 2.975187e+00
      vertex 1.823542e+00 3.934914e+00 3.167151e+00
      vertex 1.823542e+00 3.167151e+00 3.934914e+00
    endloop
  endfacet
  facet normal 9.103714e-01 2.482817e-01 -3.310290e-01
    outer loop
      vertex 2.303406e+00 2.303406e+00 4.606765e+00
      vertex 1.823542e+00 2.399387e+00 3.359069e+00
      vertex 1.823542e+00 3.167151e+00 3.934914e+00
    endloop
  endfacet
  facet normal 8.741551e-01 4.856469e-01 0.000000e+00
    outer loop
      vertex 2.303406e+00 2.303406e+00 4.606765e+00
      vertex 1.823542e+00 3.167151e+00 3.934914e+00
      vertex 1.823542e+00 3.167151e+00 5.278616e+00
    endloop
  endfacet
  facet normal 9.103714e-01 2.482817e-01 3.310290e-01
    outer loop
      vertex 2.303406e+00 2.303406e+00 4.606765e+00
      vertex 1.823542e+00 3.167151e+00 5.278616e+00
      vertex 1.823542e+00 2.399387e+00 5.854461e+00
    endloop
  endfacet
  facet normal 6.909442e-01 6.909442e-01 2.125845e-01
    outer loop
      vertex 2.303406e+00 2.303406e+00 4.606765e+00
      vertex 1.823542e+00 2.399387e+00 5.854461e+00
      vertex 2.399387e+00 1.823542e+00 5.854461e+00
    endloop
  endfacet
  facet normal 2.482817e-01 9.103714e-01 3.310290e-01
    outer loop
      vertex 2.303406e+00 2.303406e+00 4.606765e+00
      vertex 2.399387e+00 1.823542e+00 5.854461e+00
      vertex 3.167151e+00 1.823542e+00 5.278616e+00
    endloop
  endfacet
  facet normal 4.856469e-01 8.741551e-01 0.000000e+00
    outer loop
      vertex 2.303406e+00 2.303406e+00 4.606765e+00
      vertex 3.167151e+00 1.823542e+00 5.278616e+00
      vertex 3.167151e+00 1.823542e+00 3.934914e+00
    endloop
  endfacet
  facet normal 2.482817e-01 9.103714e-01 -3.310290e-01
    outer loop
      vertex 2.303406e+00 2.303406e+00 4.606765e+00
      vertex 3.167151e+00 1.823542e+00 3.934914e+00
      vertex 2.399387e+00 1.823542e+00 3.359069e+00
    endloop
  endfacet
  facet normal 6.909442e-01 6.909442e-01 -2.125845e-01
    outer loop
      vertex 2.303406e+00 2.303406e+00 4.606765e+00
      vertex 2.399387e+00 1.823542e+00 3.359069e+00
      vertex 1.823542e+00 2.399387e+00 3.359069e+00
    endloop
  endfacet
  facet normal 9.103714e-01 -3.310290e-01 2.482817e-01
    outer loop
      vertex 2.303406e+00 4.606765e+00 2.303406e+00
      vertex 1.823542e+00 3.934914e+00 3.167151e+00
      vertex 1.823542e+00 3.359069e+00 2.399387e+00
    endloop
  endfacet
  facet normal 6.909442e-01 -2.125845e-01 6.909442e-01
    outer loop
      vertex 2.303406e+00 4.606765e+00 2.303406e+00
      vertex 1.823542e+00 3.359069e+00 2.399387e+00
      vertex 2.399387e+00 3.359069e+00 1.823542e+00
    endloop
  endfacet
  facet normal 2.482817e-01 -3.310290e-01 9.103714e-01
    outer loop
      vertex 2.303406e+00 4.606765e+00 2.303406e+00
      vertex 2.399387e+00 3.359069e+00 1.823542e+00
      vertex 3.167151e+00 3.934914e+00 1.823542e+00
    endloop
  endfacet
  facet normal 4.856469e-01 0.000000e+00 8.741551e-01
    outer loop
      vertex 2.303406e+00 4.606765e+00 2.303406e+00
      vertex 3.167151e+00 3.934914e+00 1.823542e+00
      vertex 3.167151e+00 5.278616e+00 1.823542e+00
    endloop
  endfacet
  facet normal 2.482817e-01 3.310290e-01 9.103714e-01
    outer loop
      vertex 2.303406e+00 4.606765e+00 2.303406e+00
      vertex 3.167151e+00 5.278616e+00 1.823542e+00
      vertex 2.399387e+00 5.854461e+00 1.823542e+00
    endloop
  endfacet
  facet normal 6.909442e-01 2.125845e-01 6.909442e-01
    outer loop
      vertex 2.303406e+00 4.606765e+00 2.303406e+00
      vertex 2.399387e+00 5.854461e+00 1.823542e+00
      vertex 1.823542e+00 5.854461e+00 2.399387e+00
    endloop
  endfacet
  facet normal 9.103714e-01 3.310290e-01 2.482817e-01
    outer loop
      vertex 2.303406e+00 4.606765e+00 2.303406e+00
      vertex 1.823542e+00 5.854461e+00 2.399387e+00
      vertex 1.823542e+00 5.278616e+00 3.167151e+00
    endloop
  endfacet
  facet normal 8.741551e-01 0.000000e+00 4.856469e-01
    outer loop
      vertex 2.303406e+00 4.606765e+00 2.303406e+00
      vertex 1.823542e+00 5.278616e+00 3.167151e+00
      vertex 1.823542e+00 3.934914e+00 3.167151e+00
    endloop
  endfacet
  facet normal 1.693126e-01 9.593613e-01 -2.257411e-01
    outer loop
      vertex 2.975187e+00 1.631593e+00 2.975187e+00
      vertex 2.399387e+00 1.823542e+00 3.359069e+00
      vertex 3.167151e+00 1.823542e+00 3.934914e+00
    endloop
  endfacet
  facet normal -1.622214e-01 9.733285e-01 -1.622214e-01
    outer loop
      vertex 2.975187e+00 1.631593e+00 2.975187e+00
      vertex 3.167151e+00 1.823542e+00 3.934914e+00
      vertex 3.934914e+00 1.823542e+00 3.167151e+00
    endloop
  endfacet
  facet normal -2.257411e-01 9.593613e-01 1.693126e-01
    outer loop
      vertex 2.975187e+00 1.631593e+00 2.975187e+00
      vertex 3.934914e+00 1.823542e+00 3.167151e+00
      vertex 3.359069e+00 1.823542e+00 2.399387e+00
    endloop
  endfacet
  facet normal -6.593727e-01 7.253284e-01 -1.978039e-01
    outer loop
      vertex 2.975187e+00 1.631593e+00 2.975187e+00
      vertex 3.359069e+00 1.823542e+00 2.399387e+00
      vertex 2.783223e+00 1.247696e+00 2.207378e+00
    endloop
  endfacet
  facet normal -3.481469e-01 8.703950e-01 -3.481469e-01
    outer loop
      vertex 2.975187e+00 1.631593e+00 2.975187e+00
      vertex 2.783223e+00 1.247696e+00 2.207378e+00
      vertex 2.207378e+00 1.247696e+00 2.783223e+00
    endloop
  endfacet
  facet normal -1.978039e-01 7.253284e-01 -6.593727e-01
    outer loop
      vertex 2.975187e+00 1.631593e+00 2.975187e+00
      vertex 2.207378e+00 1.247696e+00 2.783223e+00
      vertex 2.399387e+00 1.823542e+00 3.359069e+00
    endloop
  endfacet
  facet normal 1.693126e-01 -2.257411e-01 9.593613e-01
    outer loop
      vertex 2.975187e+00 2.975187e+00 1.631593e+00
      vertex 3.167151e+00 3.934914e+00 1.823542e+00
      vertex 2.399387e+00 3.359069e+00 1.823542e+00
    endloop
  endfacet
  facet normal -1.978039e-01 -6.593727e-01 7.253284e-01
    outer loop
      vertex 2.975187e+00 2.975187e+00 1.631593e+00
      vertex 2.399387e+00 3.359069e+00 1.823542e+00
      vertex 2.207378e+00 2.783223e+00 1.247696e+00
    endloop
  endfacet
  facet normal -3.481469e-01 -3.481469e-01 8.703950e-01
    outer loop
      vertex 2.975187e+00 2.975187e+00 1.631593e+00
      vertex 2.207378e+00 2.783223e+00 1.247696e+00
      vertex 2.783223e+00 2.207378e+00 1.247696e+00
    endloop
  endfacet
  facet normal -6.593727e-01 -1.978039e-01 7.253284e-01
    outer loop
      vertex 2.975187e+00 2.975187e+00 1.631593e+00
      vertex 2.783223e+00 2.207378e+00 1.247696e+00
      vertex 3.359069e+00 2.399387e+00 1.823542e+00
    endloop
  endfacet
  facet normal -2.257411e-01 1.693126e-01 9.593613e-01
    outer loop
      vertex 2.975187e+00 2.975187e+00 1.631593e+00
      vertex 3.359069e+00 2.399387e+00 1.823542e+00
      vertex 3.934914e+00 3.167151e+00 1.823542e+00
    endloop
  endfacet
  facet normal -1.622214e-01 -1.622214e-01 9.733285e-01
    outer loop
      vertex 2.975187e+00 2.975187e+00 1.631593e+00
      vertex 3.934914e+00 3.167151e+00 1.823542e+00
      vertex 3.167151e+00 3.934914e+00 1.823542e+00
    endloop
  endfacet
  facet normal -3.310290e-01 9.103714e-01 2.482817e-01
    outer loop
      vertex 4.606765e+00 2.303406e+00 2.303406e+00
      vertex 3.359069e+00 1.823542e+00 2.399387e+00
      vertex 3.934914e+00 1.823542e+00 3.167151e+00
    endloop
  endfacet
  facet normal 0.000000e+00 8.741551e-01 4.856469e-01
    outer loop
      vertex 4.606765e+00 2.303406e+00 2.303406e+00
      vertex 3.934914e+00 1.823542e+00 3.167151e+00
      vertex 5.278616e+00 1.823542e+00 3.167151e+00
    endloop
  endfacet
  facet normal 3.310290e-01 9.103714e-01 2.482817e-01
    outer loop
      vertex 4.606765e+00 2.303406e+00 2.303406e+00
      vertex 5.278616e+00 1.823542e+00 3.167151e+00
      vertex 5.854461e+00 1.823542e+00 2.399387e+00
    endloop
  endfacet
  facet normal 2.125845e-01 6.909442e-01 6.909442e-01
    outer loop
      vertex 4.606765e+00 2.303406e+00 2.303406e+00
      vertex 5.854461e+00 1.823542e+00 2.399387e+00
      vertex 5.854461e+00 2.399387e+00 1.823542e+00
    endloop
  endfacet
  facet normal 3.310290e-01 2.482817e-01 9.103714e-01
    outer loop
      vertex 4.606765e+00 2.303406e+00 2.303406e+00
      vertex 5.854461e+00 2.399387e+00 1.823542e+00
      vertex 5.278616e+00 3.167151e+00 1.823542e+00
    endloop
  endfacet
  facet normal 0.000000e+00 4.856469e-01 8.741551e-01
    outer loop
      vertex 4.606765e+00 2.303406e+00 2.303406e+00
      vertex 5.278616e+00 3.167151e+00 1.823542e+00
      vertex 3.934914e+00 3.167151e+00 1.823542e+00
    endloop
  endfacet
  facet normal -3.310290e-01 2.482817e-01 9.103714e-01
    outer loop
      vertex 4.606765e+00 2.303406e+00 2.303406e+00
      vertex 3.934914e+00 3.167151e+00 1.823542e+00
      vertex 3.359069e+00 2.399387e+00 1.823542e+00
    endloop
  endfacet
  facet normal -2.125845e-01 6.909442e-01 6.909442e-01
    outer loop
      vertex 4.606765e+00 2.303406e+00 2.303406e+00
      vertex 3.359069e+00 2.399387e+00 1.823542e+00
      vertex 3.359069e+00 1.823542e+00 2.399387e+00
    endloop
  endfacet
  facet normal 9.593613e-01 1.693126e-01 2.257411e-01
    outer loop
      vertex 1.631593e+00 2.975187e+00 6.238343e+00
      vertex 1.823542e+00 2.399387e+00 5.854461e+00
      vertex 1.823542e+00 3.167151e+00 5.278616e+00
    endloop
  endfacet
  facet normal 9.733285e-01 -1.622214e-01 1.622214e-01
    outer loop
      vertex 1.631593e+00 2.975187e+00 6.238343e+00
      vertex 1.823542e+00 3.167151e+00 5.278616e+00
      vertex 1.823542e+00 3.934914e+00 6.046379e+00
    endloop
  endfacet
  facet normal 9.593613e-01 -2.257411e-01 -1.693126e-01
    outer loop
      vertex 1.631593e+00 2.975187e+00 6.238343e+00
      vertex 1.823542e+00 3.934914e+00 6.046379e+00
      vertex 1.823542e+00 3.359069e+00 6.814143e+00
    endloop
  endfacet
  facet normal 7.253284e-01 -6.593727e-01 1.978039e-01
    outer loop
      vertex 1.631593e+00 2.975187e+00 6.238343e+00
      vertex 1.823542e+00 3.359069e+00 6.814143e+00
      vertex 1.247696e+00 2.783223e+00 7.006152e+00
    endloop
  endfacet
  facet normal 8.703950e-01 -3.481469e-01 3.481469e-01
    outer loop
      vertex 1.631593e+00 2.975187e+00 6.238343e+00
      vertex 1.247696e+00 2.783223e+00 7.006152e+00
      vertex 1.247696e+00 2.207378e+00 6.430307e+00
    endloop
  endfacet
  facet normal 7.253284e-01 -1.978039e-01 6.593727e-01
    outer loop
      vertex 1.631593e+00 2.975187e+00 6.238343e+00
      vertex 1.247696e+00 2.207378e+00 6.430307e+00
      vertex 1.823542e+00 2.399387e+00 5.854461e+00
    endloop
  endfacet
  facet normal 9.593613e-01 2.257411e-01 1.693126e-01
    outer loop
      vertex 1.631593e+00 6.238343e+00 2.975187e+00
      vertex 1.823542e+00 5.278616e+00 3.167151e+00
      vertex 1.823542e+00 5.854461e+00 2.399387e+00
    endloop
  endfacet
  facet normal 7.253284e-01 6.593727e-01 -1.978039e-01
    outer loop
      vertex 1.631593e+00 6.238343e+00 2.975187e+00
      vertex 1.823542e+00 5.854461e+00 2.399387e+00
      vertex 1.247696e+00 6.430307e+00 2.207378e+00
    endloop
  endfacet
  facet normal 8.703950e-01 3.481469e-01 -3.481469e-01
    outer loop
      vertex 1.631593e+00 6.238343e+00 2.975187e+00
      vertex 1.247696e+00 6.430307e+00 2.207378e+00
      vertex 1.247696e+00 7.006152e+00 2.783223e+00
    endloop
  endfacet
  facet normal 7.253284e-01 1.978039e-01 -6.593727e-01
    outer loop
      vertex 1.631593e+00 6.238343e+00 2.975187e+00
      vertex 1.247696e+00 7.006152e+00 2.783223e+00
      vertex 1.823542e+00 6.814143e+00 3.359069e+00
    endloop
  endfacet
  facet normal 9.593613e-01 -1.693126e-01 -2.257411e-01
    outer loop
      vertex 1.631593e+00 6.238343e+00 2.975187e+00
      vertex 1.823542e+00 6.814143e+00 3.359069e+00
      vertex 1.823542e+00 6.046379e+00 3.934914e+00
    endloop
  endfacet
  facet normal 9.733285e-01 1.622214e-01 -1.622214e-01
    outer loop
      vertex 1.631593e+00 6.238343e+00 2.975187e+00
      vertex 1.823542e+00 6.046379e+00 3.934914e+00
      vertex 1.823542e+00 5.278616e+00 3.167151e+00
    endloop
  endfacet
  facet normal 1.693126e-01 9.593613e-01 2.257411e-01
    outer loop
      vertex 2.975187e+00 1.631593e+00 6.238343e+00
      vertex 3.167151e+00 1.823542e+00 5.278616e+00
      vertex 2.399387e+00 1.823542e+00 5.854461e+00
    endloop
  endfacet
  facet normal -1.978039e-01 7.253284e-01 6.593727e-01
    outer loop
      vertex 2.975187e+00 1.631593e+00 6.238343e+00
      vertex 2.399387e+00 1.823542e+00 5.854461e+00
      vertex 2.207378e+00 1.247696e+00 6.430307e+00
    endloop
  endfacet
  facet normal -3.481469e-01 8.703950e-01 3.481469e-01
    outer loop
      vertex 2.975187e+00 1.631593e+00 6.238343e+00
      vertex 2.207378e+00 1.247696e+00 6.430307e+00
      vertex 2.783223e+00 1.247696e+00 7.006152e+00
    endloop
  endfacet
  facet normal -6.593727e-01 7.253284e-01 1.978039e-01
    outer loop
      vertex 2.975187e+00 1.631593e+00 6.238343e+00
      vertex 2.783223e+00 1.247696e+00 7.006152e+00
      vertex 3.359069e+00 1.823542e+00 6.814143e+00
    endloop
  endfacet
  facet normal -2.257411e-01 9.593613e-01 -1.693126e-01
    outer loop
      vertex 2.975187e+00 1.631593e+00 6.238343e+00
      vertex 3.359069e+00 1.823542e+00 6.814143e+00
      vertex 3.934914e+00 1.823542e+00 6.046379e+00
    endloop
  endfacet
  facet normal -1.622214e-01 9.733285e-01 1.622214e-01
    outer loop
      vertex 2.975187e+00 1.631593e+00 6.238343e+00
      vertex 3.934914e+00 1.823542e+00 6.046379e+00
      vertex 3.167151e+00 1.823542e+00 5.278616e+00
    endloop
  endfacet
  facet normal 1.693126e-01 2.257411e-01 9.593613e-01
    outer loop
      vertex 2.975187e+00 6.238343e+00 1.631593e+00
      vertex 2.399387e+00 5.854461e+00 1.823542e+00
      vertex 3.167151e+00 5.278616e+00 1.823542e+00
    endloop
  endfacet
  facet normal -1.622214e-01 1.622214e-01 9.733285e-01
    outer loop
      vertex 2.975187e+00 6.238343e+00 1.631593e+00
      vertex 3.167151e+00 5.278616e+00 1.823542e+00
      vertex 3.934914e+00 6.046379e+00 1.823542e+00
    endloop
  endfacet
  facet normal -2.257411e-01 -1.693126e-01 9.593613e-01
    outer loop
      vertex 2.975187e+00 6.238343e+00 1.631593e+00
      vertex 3.934914e+00 6.046379e+00 1.823542e+00
      vertex 3.359069e+00 6.814143e+00 1.823542e+00
    endloop
  endfacet
  facet normal -6.593727e-01 1.978039e-01 7.253284e-01
    outer loop
      vertex 2.975187e+00 6.238343e+00 1.631593e+00
      vertex 3.359069e+00 6.814143e+00 1.823542e+00
      vertex 2.783223e+00 7.006152e+00 1.247696e+00
    endloop
  endfacet
  facet normal -3.481469e-01 3.481469e-01 8.703950e-01
    outer loop
      vertex 2.975187e+00 6.238343e+00 1.631593e+00
      vertex 2.783223e+00 7.006152e+00 1.247696e+00
      vertex 2.207378e+00 6.430307e+00 1.247696e+00
    endloop
  endfacet
  facet normal -1.978039e-01 6.593727e-01 7.253284e-01
    outer loop
      vertex 2.975187e+00 6.238343e+00 1.631593e+00
      vertex 2.207378e+00 6.430307e+00 1.247696e+00
      vertex 2.399387e+00 5.854461e+00 1.823542e+00
    endloop
  endfacet
  facet normal 2.257411e-01 9.593613e-01 1.693126e-01
    outer loop
      vertex 6.238343e+00 1.631593e+00 2.975187e+00
      vertex 5.854461e+00 1.823542e+00 2.399387e+00
      vertex 5.278616e+00 1.823542e+00 3.167151e+00
    endloop
  endfacet
  facet normal 1.622214e-01 9.733285e-01 -1.622214e-01
    outer loop
      vertex 6.238343e+00 1.631593e+00 2.975187e+00
      vertex 5.278616e+00 1.823542e+00 3.167151e+00
      vertex 6.046379e+00 1.823542e+00 3.934914e+00
    endloop
  endfacet
  facet normal -1.693126e-01 9.593613e-01 -2.257411e-01
    outer loop
      vertex 6.238343e+00 1.631593e+00 2.975187e+00
      vertex 6.046379e+00 1.823542e+00 3.934914e+00
      vertex 6.814143e+00 1.823542e+00 3.359069e+00
    endloop
  endfacet
  facet normal 1.978039e-01 7.253284e-01 -6.593727e-01
    outer loop
      vertex 6.238343e+00 1.631593e+00 2.975187e+00
      vertex 6.814143e+00 1.823542e+00 3.359069e+00
      vertex 7.006152e+00 1.247696e+00 2.783223e+00
    endloop
  endfacet
  facet normal 3.481469e-01 8.703950e-01 -3.481469e-01
    outer loop
      vertex 6.238343e+00 1.631593e+00 2.975187e+00
      vertex 7.006152e+00 1.247696e+00 2.783223e+00
      vertex 6.430307e+00 1.247696e+00 2.207378e+00
    endloop
  endfacet
  facet normal 6.593727e-01 7.253284e-01 -1.978039e-01
    outer loop
      vertex 6.238343e+00 1.631593e+00 2.975187e+00
      vertex 6.430307e+00 1.247696e+00 2.207378e+00
      vertex 5.854461e+00 1.823542e+00 2.399387e+00
    endloop
  endfacet
  facet normal 2.257411e-01 1.693126e-01 9.593613e-01
    outer loop
      vertex 6.238343e+00 2.975187e+00 1.631593e+00
      vertex 5.278616e+00 3.167151e+00 1.823542e+00
      vertex 5.854461e+00 2.399387e+00 1.823542e+00
    endloop
  endfacet
  facet normal 6.593727e-01 -1.978039e-01 7.253284e-01
    outer loop
      vertex 6.238343e+00 2.975187e+00 1.631593e+00
      vertex 5.854461e+00 2.399387e+00 1.823542e+00
      vertex 6.430307e+00 2.207378e+00 1.247696e+00
    endloop
  endfacet
  facet normal 3.481469e-01 -3.481469e-01 8.703950e-01
    outer loop
      vertex 6.238343e+00 2.975187e+00 1.631593e+00
      vertex 6.430307e+00 2.207378e+00 1.247696e+00
      vertex 7.006152e+00 2.783223e+00 1.247696e+00
    endloop
  endfacet
  facet normal 1.978039e-01 -6.593727e-01 7.253284e-01
    outer loop
      vertex 6.238343e+00 2.975187e+00 1.631593e+00
      vertex 7.006152e+00 2.783223e+00 1.247696e+00
      vertex 6.814143e+00 3.359069e+00 1.823542e+00
    endloop
  endfacet
  facet normal -1.693126e-01 -2.257411e-01 9.593613e-01
    outer loop
      vertex 6.238343e+00 2.975187e+00 1.631593e+00
      vertex 6.814143e+00 3.359069e+00 1.823542e+00
      vertex 6.046379e+00 3.934914e+00 1.823542e+00
    endloop
  endfacet
  facet normal 1.622214e-01 -1.622214e-01 9.733285e-01
    outer loop
      vertex 6.238343e+00 2.975187e+00 1.631593e+00
      vertex 6.046379e+00 3.934914e+00 1.823542e+00
      vertex 5.278616e+00 3.167151e+00 1.823542e+00
    endloop
  endfacet
  facet normal 3.310290e-01 -2.482817e-01 9.103714e-01
    outer loop
      vertex 3.885781e-16 2.303359e+00 6.910171e+00
      vertex 6.718506e-01 1.439614e+00 6.430307e+00
      vertex 1.247696e+00 2.207378e+00 6.430307e+00
    endloop
  endfacet
  facet normal 2.125845e-01 -6.909442e-01 6.909442e-01
    outer loop
      vertex 3.885781e-16 2.303359e+00 6.910171e+00
      vertex 1.247696e+00 2.207378e+00 6.430307e+00
      vertex 1.247696e+00 2.783223e+00 7.006152e+00
    endloop
  endfacet
  facet normal 3.310290e-01 -9.103714e-01 2.482817e-01
    outer loop
      vertex 3.885781e-16 2.303359e+00 6.910171e+00
      vertex 1.247696e+00 2.783223e+00 7.006152e+00
      vertex 6.718506e-01 2.783223e+00 7.773916e+00
    endloop
  endfacet
  facet normal 0.000000e+00 -8.741551e-01 4.856469e-01
    outer loop
      vertex 3.885781e-16 2.303359e+00 6.910171e+00
      vertex 6.718506e-01 2.783223e+00 7.773916e+00
      vertex -6.718506e-01 2.783223e+00 7.773916e+00
    endloop
  endfacet
  facet normal -3.310290e-01 -9.103714e-01 2.482817e-01
    outer loop
      vertex 3.885781e-16 2.303359e+00 6.910171e+00
      vertex -6.718506e-01 2.783223e+00 7.773916e+00
      vertex -1.247696e+00 2.783223e+00 7.006152e+00
    endloop
  endfacet
  facet normal -2.125845e-01 -6.909442e-01 6.909442e-01
    outer loop
      vertex 3.885781e-16 2.303359e+00 6.910171e+00
      vertex -1.247696e+00 2.783223e+00 7.006152e+00
      vertex -1.247696e+00 2.207378e+00 6.430307e+00
    endloop
  endfacet
  facet normal -3.310290e-01 -2.482817e-01 9.103714e-01
    outer loop
      vertex 3.885781e-16 2.303359e+00 6.910171e+00
      vertex -1.247696e+00 2.207378e+00 6.430307e+00
      vertex -6.718506e-01 1.439614e+00 6.430307e+00
    endloop
  endfacet
  facet normal 0.000000e+00 -4.856469e-01 8.741551e-01
    outer loop
      vertex 3.885781e-16 2.303359e+00 6.910171e+00
      vertex -6.718506e-01 1.439614e+00 6.430307e+00
      vertex 6.718506e-01 1.439614e+00 6.430307e+00
    endloop
  endfacet
  facet normal 2.257411e-01 -1.693126e-01 9.593613e-01
    outer loop
      vertex 1.631578e+00 1.631578e+00 6.238358e+00
      vertex 1.247696e+00 2.207378e+00 6.430307e+00
      vertex 6.718506e-01 1.439614e+00 6.430307e+00
    endloop
  endfacet
  facet normal 1.622214e-01 1.622214e-01 9.733285e-01
    outer loop
      vertex 1.631578e+00 1.631578e+00 6.238358e+00
      vertex 6.718506e-01 1.439614e+00 6.430307e+00
      vertex 1.439614e+00 6.718506e-01 6.430307e+00
    endloop
  endfacet
  facet normal -1.693126e-01 2.257411e-01 9.593613e-01
    outer loop
      vertex 1.631578e+00 1.631578e+00 6.238358e+00
      vertex 1.439614e+00 6.718506e-01 6.430307e+00
      vertex 2.207378e+00 1.247696e+00 6.430307e+00
    endloop
  endfacet
  facet normal 1.978039e-01 6.593727e-01 7.253284e-01
    outer loop
      vertex 1.631578e+00 1.631578e+00 6.238358e+00
      vertex 2.207378e+00 1.247696e+00 6.430307e+00
      vertex 2.399387e+00 1.823542e+00 5.854461e+00
    endloop
  endfacet
  facet normal 3.481469e-01 3.481469e-01 8.703950e-01
    outer loop
      vertex 1.631578e+00 1.631578e+00 6.238358e+00
      vertex 2.399387e+00 1.823542e+00 5.854461e+00
      vertex 1.823542e+00 2.399387e+00 5.854461e+00
    endloop
  endfacet
  facet normal 6.593727e-01 1.978039e-01 7.253284e-01
    outer loop
      vertex 1.631578e+00 1.631578e+00 6.238358e+00
      vertex 1.823542e+00 2.399387e+00 5.854461e+00
      vertex 1.247696e+00 2.207378e+00 6.430307e+00
    endloop
  endfacet
  facet normal 2.257411e-01 9.593613e-01 -1.693126e-01
    outer loop
      vertex 1.631578e+00 6.238358e+00 1.631578e+00
      vertex 6.718506e-01 6.430307e+00 1.439614e+00
      vertex 1.247696e+00 6.430307e+00 2.207378e+00
    endloop
  endfacet
  facet normal 6.593727e-01 7.253284e-01 1.978039e-01
    outer loop
      vertex 1.631578e+00 6.238358e+00 1.631578e+00
      vertex 1.247696e+00 6.430307e+00 2.207378e+00
      vertex 1.823542e+00 5.854461e+00 2.399387e+00
    endloop
  endfacet
  facet normal 3.481469e-01 8.703950e-01 3.481469e-01
    outer loop
      vertex 1.631578e+00 6.238358e+00 1.631578e+00
      vertex 1.823542e+00 5.854461e+00 2.399387e+00
      vertex 2.399387e+00 5.854461e+00 1.823542e+00
    endloop
  endfacet
  facet normal 1.978039e-01 7.253284e-01 6.593727e-01
    outer loop
      vertex 1.631578e+00 6.238358e+00 1.631578e+00
      vertex 2.399387e+00 5.854461e+00 1.823542e+00
      vertex 2.207378e+00 6.430307e+00 1.247696e+00
    endloop
  endfacet
  facet normal -1.693126e-01 9.593613e-01 2.257411e-01
    outer loop
      vertex 1.631578e+00 6.238358e+00 1.631578e+00
      vertex 2.207378e+00 6.430307e+00 1.247696e+00
      vertex 1.439614e+00 6.430307e+00 6.718506e-01
    endloop
  endfacet
  facet normal 1.622214e-01 9.733285e-01 1.622214e-01
    outer loop
      vertex 1.631578e+00 6.238358e+00 1.631578e+00
      vertex 1.439614e+00 6.430307e+00 6.718506e-01
      vertex 6.718506e-01 6.430307e+00 1.439614e+00
    endloop
  endfacet
  facet normal 3.310290e-01 9.103714e-01 -2.482817e-01
    outer loop
      vertex 4.163336e-16 6.910171e+00 2.303359e+00
      vertex 1.247696e+00 6.430307e+00 2.207378e+00
      vertex 6.718506e-01 6.430307e+00 1.439614e+00
    endloop
  endfacet
  facet normal 0.000000e+00 8.741551e-01 -4.856469e-01
    outer loop
      vertex 4.163336e-16 6.910171e+00 2.303359e+00
      vertex 6.718506e-01 6.430307e+00 1.439614e+00
      vertex -6.718506e-01 6.430307e+00 1.439614e+00
    endloop
  endfacet
  facet normal -3.310290e-01 9.103714e-01 -2.482817e-01
    outer loop
      vertex 4.163336e-16 6.910171e+00 2.303359e+00
      vertex -6.718506e-01 6.430307e+00 1.439614e+00
      vertex -1.247696e+00 6.430307e+00 2.207378e+00
    endloop
  endfacet
  facet normal -2.125845e-01 6.909442e-01 -6.909442e-01
    outer loop
      vertex 4.163336e-16 6.910171e+00 2.303359e+00
      vertex -1.247696e+00 6.430307e+00 2.207378e+00
      vertex -1.247696e+00 7.006152e+00 2.783223e+00
    endloop
  endfacet
  facet normal -3.310290e-01 2.482817e-01 -9.103714e-01
    outer loop
      vertex 4.163336e-16 6.910171e+00 2.303359e+00
      vertex -1.247696e+00 7.006152e+00 2.783223e+00
      vertex -6.718506e-01 7.773916e+00 2.783223e+00
    endloop
  endfacet
  facet normal 0.000000e+00 4.856469e-01 -8.741551e-01
    outer loop
      vertex 4.163336e-16 6.910171e+00 2.303359e+00
      vertex -6.718506e-01 7.773916e+00 2.783223e+00
      vertex 6.718506e-01 7.773916e+00 2.783223e+00
    endloop
  endfacet
  facet normal 3.310290e-01 2.482817e-01 -9.103714e-01
    outer loop
      vertex 4.163336e-16 6.910171e+00 2.303359e+00
      vertex 6.718506e-01 7.773916e+00 2.783223e+00
      vertex 1.247696e+00 7.006152e+00 2.783223e+00
    endloop
  endfacet
  facet normal 2.125845e-01 6.909442e-01 -6.909442e-01
    outer loop
      vertex 4.163336e-16 6.910171e+00 2.303359e+00
      vertex 1.247696e+00 7.006152e+00 2.783223e+00
      vertex 1.247696e+00 6.430307e+00 2.207378e+00
    endloop
  endfacet
  facet normal -2.482817e-01 3.310290e-01 9.103714e-01
    outer loop
      vertex 2.303359e+00 3.330669e-16 6.910171e+00
      vertex 2.207378e+00 1.247696e+00 6.430307e+00
      vertex 1.439614e+00 6.718506e-01 6.430307e+00
    endloop
  endfacet
  facet normal -4.856469e-01 8.362002e-17 8.741551e-01
    outer loop
      vertex 2.303359e+00 3.330669e-16 6.910171e+00
      vertex 1.439614e+00 6.718506e-01 6.430307e+00
      vertex 1.439614e+00 -6.718506e-01 6.430307e+00
    endloop
  endfacet
  facet normal -2.482817e-01 -3.310290e-01 9.103714e-01
    outer loop
      vertex 2.303359e+00 3.330669e-16 6.910171e+00
      vertex 1.439614e+00 -6.718506e-01 6.430307e+00
      vertex 2.207378e+00 -1.247696e+00 6.430307e+00
    endloop
  endfacet
  facet normal -6.909442e-01 -2.125845e-01 6.909442e-01
    outer loop
      vertex 2.303359e+00 3.330669e-16 6.910171e+00
      vertex 2.207378e+00 -1.247696e+00 6.430307e+00
      vertex 2.783223e+00 -1.247696e+00 7.006152e+00
    endloop
  endfacet
  facet normal -9.103714e-01 -3.310290e-01 2.482817e-01
    outer loop
      vertex 2.303359e+00 3.330669e-16 6.910171e+00
      vertex 2.783223e+00 -1.247696e+00 7.006152e+00
      vertex 2.783223e+00 -6.718506e-01 7.773916e+00
    endloop
  endfacet
  facet normal -8.741551e-01 0.000000e+00 4.856469e-01
    outer loop
      vertex 2.303359e+00 3.330669e-16 6.910171e+00
      vertex 2.783223e+00 -6.718506e-01 7.773916e+00
      vertex 2.783223e+00 6.718506e-01 7.773916e+00
    endloop
  endfacet
  facet normal -9.103714e-01 3.310290e-01 2.482817e-01
    outer loop
      vertex 2.303359e+00 3.330669e-16 6.910171e+00
      vertex 2.783223e+00 6.718506e-01 7.773916e+00
      vertex 2.783223e+00 1.247696e+00 7.006152e+00
    endloop
  endfacet
  facet normal -6.909442e-01 2.125845e-01 6.909442e-01
    outer loop
      vertex 2.303359e+00 3.330669e-16 6.910171e+00
      vertex 2.783223e+00 1.247696e+00 7.006152e+00
      vertex 2.207378e+00 1.247696e+00 6.430307e+00
    endloop
  endfacet
  facet normal -2.482817e-01 9.103714e-01 3.310290e-01
    outer loop
      vertex 2.303359e+00 6.910171e+00 1.110223e-16
      vertex 1.439614e+00 6.430307e+00 6.718506e-01
      vertex 2.207378e+00 6.430307e+00 1.247696e+00
    endloop
  endfacet
  facet normal -6.909442e-01 6.909442e-01 2.125845e-01
    outer loop
      vertex 2.303359e+00 6.910171e+00 1.110223e-16
      vertex 2.207378e+00 6.430307e+00 1.247696e+00
      vertex 2.783223e+00 7.006152e+00 1.247696e+00
    endloop
  endfacet
  facet normal -9.103714e-01 2.482817e-01 3.310290e-01
    outer loop
      vertex 2.303359e+00 6.910171e+00 1.110223e-16
      vertex 2.783223e+00 7.006152e+00 1.247696e+00
      vertex 2.783223e+00 7.773916e+00 6.718506e-01
    endloop
  endfacet
  facet normal -8.741551e-01 4.856469e-01 0.000000e+00
    outer loop
      vertex 2.303359e+00 6.910171e+00 1.110223e-16
      vertex 2.783223e+00 7.773916e+00 6.718506e-01
      vertex 2.783223e+00 7.773916e+00 -6.718506e-01
    endloop
  endfacet
