solid surface_model
  facet normal 6.121263e-01 6.121263e-01 5.006023e-01
    outer loop
      vertex 2.611502e+00 1.328663e+00 1.780530e+00
      vertex 2.138091e+00 2.138091e+00 1.369655e+00
      vertex 1.802074e+00 1.802074e+00 2.191405e+00
    endloop
  endfacet
  facet normal 6.121256e-01 6.121611e-01 5.005608e-01
    outer loop
      vertex 2.611502e+00 1.328663e+00 1.780530e+00
      vertex 1.802074e+00 1.802074e+00 2.191405e+00
      vertex 2.351884e+00 9.163248e-01 2.602280e+00
    endloop
  endfacet
  facet normal 7.832918e-01 4.200715e-01 4.582509e-01
    outer loop
      vertex 2.611502e+00 1.328663e+00 1.780530e+00
      vertex 2.351884e+00 9.163248e-01 2.602280e+00
      vertex 2.901695e+00 4.887381e-01 2.054447e+00
    endloop
  endfacet
  facet normal 4.073068e-01 4.073068e-01 8.174364e-01
    outer loop
      vertex 2.611502e+00 1.328663e+00 1.780530e+00
      vertex 2.901695e+00 4.887381e-01 2.054447e+00
      vertex 3.451427e+00 1.038470e+00 1.506613e+00
    endloop
  endfacet
  facet normal 4.200715e-01 7.832918e-01 4.582509e-01
    outer loop
      vertex 2.611502e+00 1.328663e+00 1.780530e+00
      vertex 3.451427e+00 1.038470e+00 1.506613e+00
      vertex 3.023840e+00 1.588281e+00 9.587798e-01
    endloop
  endfacet
  facet normal 6.121611e-01 6.121256e-01 5.005608e-01
    outer loop
      vertex 2.611502e+00 1.328663e+00 1.780530e+00
      vertex 3.023840e+00 1.588281e+00 9.587798e-01
      vertex 2.138091e+00 2.138091e+00 1.369655e+00
    endloop
  endfacet
  facet normal 6.121263e-01 6.121263e-01 5.006023e-01
    outer loop
      vertex 1.328663e+00 2.611502e+00 1.780530e+00
      vertex 1.802074e+00 1.802074e+00 2.191405e+00
      vertex 2.138091e+00 2.138091e+00 1.369655e+00
    endloop
  endfacet
  facet normal 6.121256e-01 6.121611e-01 5.005608e-01
    outer loop
      vertex 1.328663e+00 2.611502e+00 1.780530e+00
      vertex 2.138091e+00 2.138091e+00 1.369655e+00
      vertex 1.588281e+00 3.023840e+00 9.587798e-01
    endloop
  endfacet
  facet normal 7.832918e-01 4.200715e-01 4.582509e-01
    outer loop
      vertex 1.328663e+00 2.611502e+00 1.780530e+00
      vertex 1.588281e+00 3.023840e+00 9.587798e-01
      vertex 1.038470e+00 3.451427e+00 1.506613e+00
    endloop
  endfacet
  facet normal 4.073068e-01 4.073068e-01 8.174364e-01
    outer loop
      vertex 1.328663e+00 2.611502e+00 1.780530e+00
      vertex 1.038470e+00 3.451427e+00 1.506613e+00
      vertex 4.887381e-01 2.901695e+00 2.054447e+00
    endloop
  endfacet
  facet normal 4.200715e-01 7.832918e-01 4.582509e-01
    outer loop
      vertex 1.328663e+00 2.611502e+00 1.780530e+00
      vertex 4.887381e-01 2.901695e+00 2.054447e+00
      vertex 9.163248e-01 2.351884e+00 2.602280e+00
    endloop
  endfacet
  facet normal 6.121611e-01 6.121256e-01 5.005608e-01
    outer loop
      vertex 1.328663e+00 2.611502e+00 1.780530e+00
      vertex 9.163248e-01 2.351884e+00 2.602280e+00
      vertex 1.802074e+00 1.802074e+00 2.191405e+00
    endloop
  endfacet
  facet normal 6.121263e-01 6.121263e-01 -5.006023e-01
    outer loop
      vertex 2.611502e+00 1.328663e+00 5.341590e+00
      vertex 1.802074e+00 1.802074e+00 4.930715e+00
      vertex 2.138091e+00 2.138091e+00 5.752465e+00
    endloop
  endfacet
  facet normal 6.121611e-01 6.121256e-01 -5.005608e-01
    outer loop
      vertex 2.611502e+00 1.328663e+00 5.341590e+00
      vertex 2.138091e+00 2.138091e+00 5.752465e+00
      vertex 3.023840e+00 1.588281e+00 6.163340e+00
    endloop
  endfacet
  facet normal 4.200715e-01 7.832918e-01 -4.582509e-01
    outer loop
      vertex 2.611502e+00 1.328663e+00 5.341590e+00
      vertex 3.023840e+00 1.588281e+00 6.163340e+00
      vertex 3.451427e+00 1.038470e+00 5.615507e+00
    endloop
  endfacet
  facet normal 4.073068e-01 4.073068e-01 -8.174364e-01
    outer loop
      vertex 2.611502e+00 1.328663e+00 5.341590e+00
      vertex 3.451427e+00 1.038470e+00 5.615507e+00
      vertex 2.901695e+00 4.887381e-01 5.067673e+00
    endloop
  endfacet
  facet normal 7.832918e-01 4.200715e-01 -4.582509e-01
    outer loop
      vertex 2.611502e+00 1.328663e+00 5.341590e+00
      vertex 2.901695e+00 4.887381e-01 5.067673e+00
      vertex 2.351884e+00 9.163248e-01 4.519840e+00
    endloop
  endfacet
  facet normal 6.121256e-01 6.121611e-01 -5.005608e-01
    outer loop
      vertex 2.611502e+00 1.328663e+00 5.341590e+00
      vertex 2.351884e+00 9.163248e-01 4.519840e+00
      vertex 1.802074e+00 1.802074e+00 4.930715e+00
    endloop
  endfacet
  facet normal 6.121263e-01 6.121263e-01 -5.006023e-01
    outer loop
      vertex 1.328663e+00 2.611502e+00 5.341590e+00
      vertex 2.138091e+00 2.138091e+00 5.752465e+00
      vertex 1.802074e+00 1.802074e+00 4.930715e+00
    endloop
  endfacet
  facet normal 6.121611e-01 6.121256e-01 -5.005608e-01
    outer loop
      vertex 1.328663e+00 2.611502e+00 5.341590e+00
      vertex 1.802074e+00 1.802074e+00 4.930715e+00
      vertex 9.163248e-01 2.351884e+00 4.519840e+00
    endloop
  endfacet
  facet normal 4.200715e-01 7.832918e-01 -4.582509e-01
    outer loop
      vertex 1.328663e+00 2.611502e+00 5.341590e+00
      vertex 9.163248e-01 2.351884e+00 4.519840e+00
      vertex 4.887381e-01 2.901695e+00 5.067673e+00
    endloop
  endfacet
  facet normal 4.073068e-01 4.073068e-01 -8.174364e-01
    outer loop
      vertex 1.328663e+00 2.611502e+00 5.341590e+00
      vertex 4.887381e-01 2.901695e+00 5.067673e+00
      vertex 1.038470e+00 3.451427e+00 5.615507e+00
    endloop
  endfacet
  facet normal 7.832918e-01 4.200715e-01 -4.582509e-01
    outer loop
      vertex 1.328663e+00 2.611502e+00 5.341590e+00
      vertex 1.038470e+00 3.451427e+00 5.615507e+00
      vertex 1.588281e+00 3.023840e+00 6.163340e+00
    endloop
  endfacet
  facet normal 6.121256e-01 6.121611e-01 -5.005608e-01
    outer loop
      vertex 1.328663e+00 2.611502e+00 5.341590e+00
      vertex 1.588281e+00 3.023840e+00 6.163340e+00
      vertex 2.138091e+00 2.138091e+00 5.752465e+00
    endloop
  endfacet
  facet normal 6.121263e-01 -6.121263e-01 5.006023e-01
    outer loop
      vertex 1.328663e+00 5.268828e+00 1.780530e+00
      vertex 2.138091e+00 5.742239e+00 1.369655e+00
      vertex 1.802074e+00 6.078256e+00 2.191405e+00
    endloop
  endfacet
  facet normal 6.121611e-01 -6.121256e-01 5.005608e-01
    outer loop
      vertex 1.328663e+00 5.268828e+00 1.780530e+00
      vertex 1.802074e+00 6.078256e+00 2.191405e+00
      vertex 9.163248e-01 5.528446e+00 2.602280e+00
    endloop
  endfacet
  facet normal 4.200715e-01 -7.832918e-01 4.582509e-01
    outer loop
      vertex 1.328663e+00 5.268828e+00 1.780530e+00
      vertex 9.163248e-01 5.528446e+00 2.602280e+00
      vertex 4.887381e-01 4.978635e+00 2.054447e+00
    endloop
  endfacet
  facet normal 4.073068e-01 -4.073068e-01 8.174364e-01
    outer loop
      vertex 1.328663e+00 5.268828e+00 1.780530e+00
      vertex 4.887381e-01 4.978635e+00 2.054447e+00
      vertex 1.038470e+00 4.428903e+00 1.506613e+00
    endloop
  endfacet
  facet normal 7.832918e-01 -4.200715e-01 4.582509e-01
    outer loop
      vertex 1.328663e+00 5.268828e+00 1.780530e+00
      vertex 1.038470e+00 4.428903e+00 1.506613e+00
      vertex 1.588281e+00 4.856490e+00 9.587798e-01
    endloop
  endfacet
  facet normal 6.121256e-01 -6.121611e-01 5.005608e-01
    outer loop
      vertex 1.328663e+00 5.268828e+00 1.780530e+00
      vertex 1.588281e+00 4.856490e+00 9.587798e-01
      vertex 2.138091e+00 5.742239e+00 1.369655e+00
    endloop
  endfacet
  facet normal 6.121263e-01 -6.121263e-01 5.006023e-01
    outer loop
      vertex 2.611502e+00 6.551667e+00 1.780530e+00
      vertex 1.802074e+00 6.078256e+00 2.191405e+00
      vertex 2.138091e+00 5.742239e+00 1.369655e+00
    endloop
  endfacet
  facet normal 6.121611e-01 -6.121256e-01 5.005608e-01
    outer loop
      vertex 2.611502e+00 6.551667e+00 1.780530e+00
      vertex 2.138091e+00 5.742239e+00 1.369655e+00
      vertex 3.023840e+00 6.292049e+00 9.587798e-01
    endloop
  endfacet
  facet normal 4.200715e-01 -7.832918e-01 4.582509e-01
    outer loop
      vertex 2.611502e+00 6.551667e+00 1.780530e+00
      vertex 3.023840e+00 6.292049e+00 9.587798e-01
      vertex 3.451427e+00 6.841860e+00 1.506613e+00
    endloop
  endfacet
  facet normal 4.073068e-01 -4.073068e-01 8.174364e-01
    outer loop
      vertex 2.611502e+00 6.551667e+00 1.780530e+00
      vertex 3.451427e+00 6.841860e+00 1.506613e+00
      vertex 2.901695e+00 7.391592e+00 2.054447e+00
    endloop
  endfacet
  facet normal 7.832918e-01 -4.200715e-01 4.582509e-01
    outer loop
      vertex 2.611502e+00 6.551667e+00 1.780530e+00
      vertex 2.901695e+00 7.391592e+00 2.054447e+00
      vertex 2.351884e+00 6.964005e+00 2.602280e+00
    endloop
  endfacet
  facet normal 6.121256e-01 -6.121611e-01 5.005608e-01
    outer loop
      vertex 2.611502e+00 6.551667e+00 1.780530e+00
      vertex 2.351884e+00 6.964005e+00 2.602280e+00
      vertex 1.802074e+00 6.078256e+00 2.191405e+00
    endloop
  endfacet
  facet normal -6.121263e-01 6.121263e-01 5.006023e-01
    outer loop
      vertex 6.551667e+00 2.611502e+00 1.780530e+00
      vertex 5.742239e+00 2.138091e+00 1.369655e+00
      vertex 6.078256e+00 1.802074e+00 2.191405e+00
    endloop
  endfacet
  facet normal -6.121611e-01 6.121256e-01 5.005608e-01
    outer loop
      vertex 6.551667e+00 2.611502e+00 1.780530e+00
      vertex 6.078256e+00 1.802074e+00 2.191405e+00
      vertex 6.964005e+00 2.351884e+00 2.602280e+00
    endloop
  endfacet
  facet normal -4.200715e-01 7.832918e-01 4.582509e-01
    outer loop
      vertex 6.551667e+00 2.611502e+00 1.780530e+00
      vertex 6.964005e+00 2.351884e+00 2.602280e+00
      vertex 7.391592e+00 2.901695e+00 2.054447e+00
    endloop
  endfacet
  facet normal -4.073068e-01 4.073068e-01 8.174364e-01
    outer loop
      vertex 6.551667e+00 2.611502e+00 1.780530e+00
      vertex 7.391592e+00 2.901695e+00 2.054447e+00
      vertex 6.841860e+00 3.451427e+00 1.506613e+00
    endloop
  endfacet
  facet normal -7.832918e-01 4.200715e-01 4.582509e-01
    outer loop
      vertex 6.551667e+00 2.611502e+00 1.780530e+00
      vertex 6.841860e+00 3.451427e+00 1.506613e+00
      vertex 6.292049e+00 3.023840e+00 9.587798e-01
    endloop
  endfacet
  facet normal -6.121256e-01 6.121611e-01 5.005608e-01
    outer loop
      vertex 6.551667e+00 2.611502e+00 1.780530e+00
      vertex 6.292049e+00 3.023840e+00 9.587798e-01
      vertex 5.742239e+00 2.138091e+00 1.369655e+00
    endloop
  endfacet
  facet normal -6.121263e-01 6.121263e-01 5.006023e-01
    outer loop
      vertex 5.268828e+00 1.328663e+00 1.780530e+00
      vertex 6.078256e+00 1.802074e+00 2.191405e+00
      vertex 5.742239e+00 2.138091e+00 1.369655e+00
    endloop
  endfacet
  facet normal -6.121611e-01 6.121256e-01 5.005608e-01
    outer loop
      vertex 5.268828e+00 1.328663e+00 1.780530e+00
      vertex 5.742239e+00 2.138091e+00 1.369655e+00
      vertex 4.856490e+00 1.588281e+00 9.587798e-01
    endloop
  endfacet
  facet normal -4.200715e-01 7.832918e-01 4.582509e-01
    outer loop
      vertex 5.268828e+00 1.328663e+00 1.780530e+00
      vertex 4.856490e+00 1.588281e+00 9.587798e-01
      vertex 4.428903e+00 1.038470e+00 1.506613e+00
    endloop
  endfacet
  facet normal -4.073068e-01 4.073068e-01 8.174364e-01
    outer loop
      vertex 5.268828e+00 1.328663e+00 1.780530e+00
      vertex 4.428903e+00 1.038470e+00 1.506613e+00
      vertex 4.978635e+00 4.887381e-01 2.054447e+00
    endloop
  endfacet
  facet normal -7.832918e-01 4.200715e-01 4.582509e-01
    outer loop
      vertex 5.268828e+00 1.328663e+00 1.780530e+00
      vertex 4.978635e+00 4.887381e-01 2.054447e+00
      vertex 5.528446e+00 9.163248e-01 2.602280e+00
    endloop
  endfacet
  facet normal -6.121256e-01 6.121611e-01 5.005608e-01
    outer loop
      vertex 5.268828e+00 1.328663e+00 1.780530e+00
      vertex 5.528446e+00 9.163248e-01 2.602280e+00
      vertex 6.078256e+00 1.802074e+00 2.191405e+00
    endloop
  endfacet
  facet normal -6.121263e-01 -6.121263e-01 5.006023e-01
    outer loop
      vertex 5.268828e+00 6.551667e+00 1.780530e+00
      vertex 5.742239e+00 5.742239e+00 1.369655e+00
      vertex 6.078256e+00 6.078256e+00 2.191405e+00
    endloop
  endfacet
  facet normal -6.121256e-01 -6.121611e-01 5.005608e-01
    outer loop
      vertex 5.268828e+00 6.551667e+00 1.780530e+00
      vertex 6.078256e+00 6.078256e+00 2.191405e+00
      vertex 5.528446e+00 6.964005e+00 2.602280e+00
    endloop
  endfacet
  facet normal -7.832918e-01 -4.200715e-01 4.582509e-01
    outer loop
      vertex 5.268828e+00 6.551667e+00 1.780530e+00
      vertex 5.528446e+00 6.964005e+00 2.602280e+00
      vertex 4.978635e+00 7.391592e+00 2.054447e+00
    endloop
  endfacet
  facet normal -4.073068e-01 -4.073068e-01 8.174364e-01
    outer loop
      vertex 5.268828e+00 6.551667e+00 1.780530e+00
      vertex 4.978635e+00 7.391592e+00 2.054447e+00
      vertex 4.428903e+00 6.841860e+00 1.506613e+00
    endloop
  endfacet
  facet normal -4.200715e-01 -7.832918e-01 4.582509e-01
    outer loop
      vertex 5.268828e+00 6.551667e+00 1.780530e+00
      vertex 4.428903e+00 6.841860e+00 1.506613e+00
      vertex 4.856490e+00 6.292049e+00 9.587798e-01
    endloop
  endfacet
  facet normal -6.121611e-01 -6.121256e-01 5.005608e-01
    outer loop
      vertex 5.268828e+00 6.551667e+00 1.780530e+00
      vertex 4.856490e+00 6.292049e+00 9.587798e-01
      vertex 5.742239e+00 5.742239e+00 1.369655e+00
    endloop
  endfacet
  facet normal -6.121263e-01 -6.121263e-01 5.006023e-01
    outer loop
      vertex 6.551667e+00 5.268828e+00 1.780530e+00
      vertex 6.078256e+00 6.078256e+00 2.191405e+00
      vertex 5.742239e+00 5.742239e+00 1.369655e+00
    endloop
  endfacet
  facet normal -6.121256e-01 -6.121611e-01 5.005608e-01
    outer loop
      vertex 6.551667e+00 5.268828e+00 1.780530e+00
      vertex 5.742239e+00 5.742239e+00 1.369655e+00
      vertex 6.292049e+00 4.856490e+00 9.587798e-01
    endloop
  endfacet
  facet normal -7.832918e-01 -4.200715e-01 4.582509e-01
    outer loop
      vertex 6.551667e+00 5.268828e+00 1.780530e+00
      vertex 6.292049e+00 4.856490e+00 9.587798e-01
      vertex 6.841860e+00 4.428903e+00 1.506613e+00
    endloop
  endfacet
  facet normal -4.073068e-01 -4.073068e-01 8.174364e-01
    outer loop
      vertex 6.551667e+00 5.268828e+00 1.780530e+00
      vertex 6.841860e+00 4.428903e+00 1.506613e+00
      vertex 7.391592e+00 4.978635e+00 2.054447e+00
    endloop
  endfacet
  facet normal -4.200715e-01 -7.832918e-01 4.582509e-01
    outer loop
      vertex 6.551667e+00 5.268828e+00 1.780530e+00
      vertex 7.391592e+00 4.978635e+00 2.054447e+00
      vertex 6.964005e+00 5.528446e+00 2.602280e+00
    endloop
  endfacet
  facet normal -6.121611e-01 -6.121256e-01 5.005608e-01
    outer loop
      vertex 6.551667e+00 5.268828e+00 1.780530e+00
      vertex 6.964005e+00 5.528446e+00 2.602280e+00
      vertex 6.078256e+00 6.078256e+00 2.191405e+00
    endloop
  endfacet
  facet normal 6.121263e-01 -6.121263e-01 -5.006023e-01
    outer loop
      vertex 1.328663e+00 5.268828e+00 5.341590e+00
      vertex 1.802074e+00 6.078256e+00 4.930715e+00
      vertex 2.138091e+00 5.742239e+00 5.752465e+00
    endloop
  endfacet
  facet normal 6.121256e-01 -6.121611e-01 -5.005608e-01
    outer loop
      vertex 1.328663e+00 5.268828e+00 5.341590e+00
      vertex 2.138091e+00 5.742239e+00 5.752465e+00
      vertex 1.588281e+00 4.856490e+00 6.163340e+00
    endloop
  endfacet
  facet normal 7.832918e-01 -4.200715e-01 -4.582509e-01
    outer loop
      vertex 1.328663e+00 5.268828e+00 5.341590e+00
      vertex 1.588281e+00 4.856490e+00 6.163340e+00
      vertex 1.038470e+00 4.428903e+00 5.615507e+00
    endloop
  endfacet
  facet normal 4.073068e-01 -4.073068e-01 -8.174364e-01
    outer loop
      vertex 1.328663e+00 5.268828e+00 5.341590e+00
      vertex 1.038470e+00 4.428903e+00 5.615507e+00
      vertex 4.887381e-01 4.978635e+00 5.067673e+00
    endloop
  endfacet
  facet normal 4.200715e-01 -7.832918e-01 -4.582509e-01
    outer loop
      vertex 1.328663e+00 5.268828e+00 5.341590e+00
      vertex 4.887381e-01 4.978635e+00 5.067673e+00
      vertex 9.163248e-01 5.528446e+00 4.519840e+00
    endloop
  endfacet
  facet normal 6.121611e-01 -6.121256e-01 -5.005608e-01
    outer loop
      vertex 1.328663e+00 5.268828e+00 5.341590e+00
      vertex 9.163248e-01 5.528446e+00 4.519840e+00
      vertex 1.802074e+00 6.078256e+00 4.930715e+00
    endloop
  endfacet
  facet normal 6.121263e-01 -6.121263e-01 -5.006023e-01
    outer loop
      vertex 2.611502e+00 6.551667e+00 5.341590e+00
      vertex 2.138091e+00 5.742239e+00 5.752465e+00
      vertex 1.802074e+00 6.078256e+00 4.930715e+00
    endloop
  endfacet
  facet normal 6.121256e-01 -6.121611e-01 -5.005608e-01
    outer loop
      vertex 2.611502e+00 6.551667e+00 5.341590e+00
      vertex 1.802074e+00 6.078256e+00 4.930715e+00
      vertex 2.351884e+00 6.964005e+00 4.519840e+00
    endloop
  endfacet
  facet normal 7.832918e-01 -4.200715e-01 -4.582509e-01
    outer loop
      vertex 2.611502e+00 6.551667e+00 5.341590e+00
      vertex 2.351884e+00 6.964005e+00 4.519840e+00
      vertex 2.901695e+00 7.391592e+00 5.067673e+00
    endloop
  endfacet
  facet normal 4.073068e-01 -4.073068e-01 -8.174364e-01
    outer loop
      vertex 2.611502e+00 6.551667e+00 5.341590e+00
      vertex 2.901695e+00 7.391592e+00 5.067673e+00
      vertex 3.451427e+00 6.841860e+00 5.615507e+00
    endloop
  endfacet
  facet normal 4.200715e-01 -7.832918e-01 -4.582509e-01
    outer loop
      vertex 2.611502e+00 6.551667e+00 5.341590e+00
      vertex 3.451427e+00 6.841860e+00 5.615507e+00
      vertex 3.023840e+00 6.292049e+00 6.163340e+00
    endloop
  endfacet
  facet normal 6.121611e-01 -6.121256e-01 -5.005608e-01
    outer loop
      vertex 2.611502e+00 6.551667e+00 5.341590e+00
      vertex 3.023840e+00 6.292049e+00 6.163340e+00
      vertex 2.138091e+00 5.742239e+00 5.752465e+00
    endloop
  endfacet
  facet normal -6.121263e-01 6.121263e-01 -5.006023e-01
    outer loop
      vertex 6.551667e+00 2.611502e+00 5.341590e+00
      vertex 6.078256e+00 1.802074e+00 4.930715e+00
      vertex 5.742239e+00 2.138091e+00 5.752465e+00
    endloop
  endfacet
  facet normal -6.121256e-01 6.121611e-01 -5.005608e-01
    outer loop
      vertex 6.551667e+00 2.611502e+00 5.341590e+00
      vertex 5.742239e+00 2.138091e+00 5.752465e+00
      vertex 6.292049e+00 3.023840e+00 6.163340e+00
    endloop
  endfacet
  facet normal -7.832918e-01 4.200715e-01 -4.582509e-01
    outer loop
      vertex 6.551667e+00 2.611502e+00 5.341590e+00
      vertex 6.292049e+00 3.023840e+00 6.163340e+00
      vertex 6.841860e+00 3.451427e+00 5.615507e+00
    endloop
  endfacet
  facet normal -4.073068e-01 4.073068e-01 -8.174364e-01
    outer loop
      vertex 6.551667e+00 2.611502e+00 5.341590e+00
      vertex 6.841860e+00 3.451427e+00 5.615507e+00
      vertex 7.391592e+00 2.901695e+00 5.067673e+00
    endloop
  endfacet
  facet normal -4.200715e-01 7.832918e-01 -4.582509e-01
    outer loop
      vertex 6.551667e+00 2.611502e+00 5.341590e+00
      vertex 7.391592e+00 2.901695e+00 5.067673e+00
      vertex 6.964005e+00 2.351884e+00 4.519840e+00
    endloop
  endfacet
  facet normal -6.121611e-01 6.121256e-01 -5.005608e-01
    outer loop
      vertex 6.551667e+00 2.611502e+00 5.341590e+00
      vertex 6.964005e+00 2.351884e+00 4.519840e+00
      vertex 6.078256e+00 1.802074e+00 4.930715e+00
    endloop
  endfacet
  facet normal -6.121263e-01 6.121263e-01 -5.006023e-01
    outer loop
      vertex 5.268828e+00 1.328663e+00 5.341590e+00
      vertex 5.742239e+00 2.138091e+00 5.752465e+00
      vertex 6.078256e+00 1.802074e+00 4.930715e+00
    endloop
  endfacet
  facet normal -6.121256e-01 6.121611e-01 -5.005608e-01
    outer loop
      vertex 5.268828e+00 1.328663e+00 5.341590e+00
      vertex 6.078256e+00 1.802074e+00 4.930715e+00
      vertex 5.528446e+00 9.163248e-01 4.519840e+00
    endloop
  endfacet
  facet normal -7.832918e-01 4.200715e-01 -4.582509e-01
    outer loop
      vertex 5.268828e+00 1.328663e+00 5.341590e+00
      vertex 5.528446e+00 9.163248e-01 4.519840e+00
      vertex 4.978635e+00 4.887381e-01 5.067673e+00
    endloop
  endfacet
  facet normal -4.073068e-01 4.073068e-01 -8.174364e-01
    outer loop
      vertex 5.268828e+00 1.328663e+00 5.341590e+00
      vertex 4.978635e+00 4.887381e-01 5.067673e+00
      vertex 4.428903e+00 1.038470e+00 5.615507e+00
    endloop
  endfacet
  facet normal -4.200715e-01 7.832918e-01 -4.582509e-01
    outer loop
      vertex 5.268828e+00 1.328663e+00 5.341590e+00
      vertex 4.428903e+00 1.038470e+00 5.615507e+00
      vertex 4.856490e+00 1.588281e+00 6.163340e+00
    endloop
  endfacet
  facet normal -6.121611e-01 6.121256e-01 -5.005608e-01
    outer loop
      vertex 5.268828e+00 1.328663e+00 5.341590e+00
      vertex 4.856490e+00 1.588281e+00 6.163340e+00
      vertex 5.742239e+00 2.138091e+00 5.752465e+00
    endloop
  endfacet
  facet normal -6.121263e-01 -6.121263e-01 -5.006023e-01
    outer loop
      vertex 5.268828e+00 6.551667e+00 5.341590e+00
      vertex 6.078256e+00 6.078256e+00 4.930715e+00
      vertex 5.742239e+00 5.742239e+00 5.752465e+00
    endloop
  endfacet
  facet normal -6.121611e-01 -6.121256e-01 -5.005608e-01
    outer loop
      vertex 5.268828e+00 6.551667e+00 5.341590e+00
      vertex 5.742239e+00 5.742239e+00 5.752465e+00
      vertex 4.856490e+00 6.292049e+00 6.163340e+00
    endloop
  endfacet
  facet normal -4.200715e-01 -7.832918e-01 -4.582509e-01
    outer loop
      vertex 5.268828e+00 6.551667e+00 5.341590e+00
      vertex 4.856490e+00 6.292049e+00 6.163340e+00
      vertex 4.428903e+00 6.841860e+00 5.615507e+00
    endloop
  endfacet
  facet normal -4.073068e-01 -4.073068e-01 -8.174364e-01
    outer loop
      vertex 5.268828e+00 6.551667e+00 5.341590e+00
      vertex 4.428903e+00 6.841860e+00 5.615507e+00
      vertex 4.978635e+00 7.391592e+00 5.067673e+00
    endloop
  endfacet
  facet normal -7.832918e-01 -4.200715e-01 -4.582509e-01
    outer loop
      vertex 5.268828e+00 6.551667e+00 5.341590e+00
      vertex 4.978635e+00 7.391592e+00 5.067673e+00
      vertex 5.528446e+00 6.964005e+00 4.519840e+00
    endloop
  endfacet
  facet normal -6.121256e-01 -6.121611e-01 -5.005608e-01
    outer loop
      vertex 5.268828e+00 6.551667e+00 5.341590e+00
      vertex 5.528446e+00 6.964005e+00 4.519840e+00
      vertex 6.078256e+00 6.078256e+00 4.930715e+00
    endloop
  endfacet
  facet normal -6.121263e-01 -6.121263e-01 -5.006023e-01
    outer loop
      vertex 6.551667e+00 5.268828e+00 5.341590e+00
      vertex 5.742239e+00 5.742239e+00 5.752465e+00
      vertex 6.078256e+00 6.078256e+00 4.930715e+00
    endloop
  endfacet
  facet normal -6.121611e-01 -6.121256e-01 -5.005608e-01
    outer loop
      vertex 6.551667e+00 5.268828e+00 5.341590e+00
      vertex 6.078256e+00 6.078256e+00 4.930715e+00
      vertex 6.964005e+00 5.528446e+00 4.519840e+00
    endloop
  endfacet
  facet normal -4.200715e-01 -7.832918e-01 -4.582509e-01
    outer loop
      vertex 6.551667e+00 5.268828e+00 5.341590e+00
      vertex 6.964005e+00 5.528446e+00 4.519840e+00
      vertex 7.391592e+00 4.978635e+00 5.067673e+00
    endloop
  endfacet
  facet normal -4.073068e-01 -4.073068e-01 -8.174364e-01
    outer loop
      vertex 6.551667e+00 5.268828e+00 5.341590e+00
      vertex 7.391592e+00 4.978635e+00 5.067673e+00
      vertex 6.841860e+00 4.428903e+00 5.615507e+00
    endloop
  endfacet
  facet normal -7.832918e-01 -4.200715e-01 -4.582509e-01
    outer loop
      vertex 6.551667e+00 5.268828e+00 5.341590e+00
      vertex 6.841860e+00 4.428903e+00 5.615507e+00
      vertex 6.292049e+00 4.856490e+00 6.163340e+00
    endloop
  endfacet
  facet normal -6.121256e-01 -6.121611e-01 -5.005608e-01
    outer loop
      vertex 6.551667e+00 5.268828e+00 5.341590e+00
      vertex 6.292049e+00 4.856490e+00 6.163340e+00
      vertex 5.742239e+00 5.742239e+00 5.752465e+00
    endloop
  endfacet
  facet normal 8.192352e-01 5.174165e-01 2.472526e-01
    outer loop
      vertex 2.321338e+00 2.321338e+00 0.000000e+00
      vertex 1.588281e+00 3.482003e+00 0.000000e+00
      vertex 1.588281e+00 3.023840e+00 9.587798e-01
    endloop
  endfacet
  facet normal 7.947055e-01 5.785224e-01 1.837253e-01
    outer loop
      vertex 2.321338e+00 2.321338e+00 0.000000e+00
      vertex 1.588281e+00 3.023840e+00 9.587798e-01
      vertex 2.138091e+00 2.138091e+00 1.369655e+00
    endloop
  endfacet
  facet normal 5.785224e-01 7.947055e-01 1.837253e-01
    outer loop
      vertex 2.321338e+00 2.321338e+00 0.000000e+00
      vertex 2.138091e+00 2.138091e+00 1.369655e+00
      vertex 3.023840e+00 1.588281e+00 9.587798e-01
    endloop
  endfacet
  facet normal 5.174165e-01 8.192352e-01 2.472526e-01
    outer loop
      vertex 2.321338e+00 2.321338e+00 0.000000e+00
      vertex 3.023840e+00 1.588281e+00 9.587798e-01
      vertex 3.482003e+00 1.588281e+00 0.000000e+00
    endloop
  endfacet
  facet normal 5.174165e-01 8.192352e-01 -2.472526e-01
    outer loop
      vertex 2.321338e+00 2.321338e+00 0.000000e+00
      vertex 3.482003e+00 1.588281e+00 0.000000e+00
      vertex 3.023840e+00 1.588281e+00 -9.587798e-01
    endloop
  endfacet
  facet normal 5.785224e-01 7.947055e-01 -1.837253e-01
    outer loop
      vertex 2.321338e+00 2.321338e+00 0.000000e+00
      vertex 3.023840e+00 1.588281e+00 -9.587798e-01
      vertex 2.138091e+00 2.138091e+00 -1.369655e+00
    endloop
  endfacet
  facet normal 7.947055e-01 5.785224e-01 -1.837253e-01
    outer loop
      vertex 2.321338e+00 2.321338e+00 0.000000e+00
      vertex 2.138091e+00 2.138091e+00 -1.369655e+00
      vertex 1.588281e+00 3.023840e+00 -9.587798e-01
    endloop
  endfacet
  facet normal 8.192352e-01 5.174165e-01 -2.472526e-01
    outer loop
      vertex 2.321338e+00 2.321338e+00 0.000000e+00
      vertex 1.588281e+00 3.023840e+00 -9.587798e-01
      vertex 1.588281e+00 3.482003e+00 0.000000e+00
    endloop
  endfacet
  facet normal 9.726688e-01 2.095055e-01 1.001143e-01
    outer loop
      vertex 1.405010e+00 3.940165e+00 8.217977e-01
      vertex 1.588281e+00 3.023840e+00 9.587798e-01
      vertex 1.588281e+00 3.482003e+00 0.000000e+00
    endloop
  endfacet
  facet normal 9.760237e-01 0.000000e+00 2.176644e-01
    outer loop
      vertex 1.405010e+00 3.940165e+00 8.217977e-01
      vertex 1.588281e+00 3.482003e+00 0.000000e+00
      vertex 1.588281e+00 4.398327e+00 0.000000e+00
    endloop
  endfacet
  facet normal 9.726688e-01 -2.095055e-01 1.001143e-01
    outer loop
      vertex 1.405010e+00 3.940165e+00 8.217977e-01
      vertex 1.588281e+00 4.398327e+00 0.000000e+00
      vertex 1.588281e+00 4.856490e+00 9.587798e-01
    endloop
  endfacet
  facet normal 7.728372e-01 -2.422550e-01 5.865452e-01
    outer loop
      vertex 1.405010e+00 3.940165e+00 8.217977e-01
      vertex 1.588281e+00 4.856490e+00 9.587798e-01
      vertex 1.038470e+00 4.428903e+00 1.506613e+00
    endloop
  endfacet
  facet normal 8.816541e-01 0.000000e+00 4.718962e-01
    outer loop
      vertex 1.405010e+00 3.940165e+00 8.217977e-01
      vertex 1.038470e+00 4.428903e+00 1.506613e+00
      vertex 1.038470e+00 3.451427e+00 1.506613e+00
    endloop
  endfacet
  facet normal 7.728372e-01 2.422550e-01 5.865452e-01
    outer loop
      vertex 1.405010e+00 3.940165e+00 8.217977e-01
      vertex 1.038470e+00 3.451427e+00 1.506613e+00
      vertex 1.588281e+00 3.023840e+00 9.587798e-01
    endloop
  endfacet
  facet normal 9.726688e-01 2.095055e-01 -1.001143e-01
    outer loop
      vertex 1.405010e+00 3.940165e+00 -8.217977e-01
      vertex 1.588281e+00 3.482003e+00 0.000000e+00
      vertex 1.588281e+00 3.023840e+00 -9.587798e-01
    endloop
  endfacet
  facet normal 7.728372e-01 2.422550e-01 -5.865452e-01
    outer loop
      vertex 1.405010e+00 3.940165e+00 -8.217977e-01
      vertex 1.588281e+00 3.023840e+00 -9.587798e-01
      vertex 1.038470e+00 3.451427e+00 -1.506613e+00
    endloop
  endfacet
  facet normal 8.816541e-01 0.000000e+00 -4.718962e-01
    outer loop
      vertex 1.405010e+00 3.940165e+00 -8.217977e-01
      vertex 1.038470e+00 3.451427e+00 -1.506613e+00
      vertex 1.038470e+00 4.428903e+00 -1.506613e+00
    endloop
  endfacet
  facet normal 7.728372e-01 -2.422550e-01 -5.865452e-01
    outer loop
      vertex 1.405010e+00 3.940165e+00 -8.217977e-01
      vertex 1.038470e+00 4.428903e+00 -1.506613e+00
      vertex 1.588281e+00 4.856490e+00 -9.587798e-01
    endloop
  endfacet
  facet normal 9.726688e-01 -2.095055e-01 -1.001143e-01
    outer loop
      vertex 1.405010e+00 3.940165e+00 -8.217977e-01
      vertex 1.588281e+00 4.856490e+00 -9.587798e-01
      vertex 1.588281e+00 4.398327e+00 0.000000e+00
    endloop
  endfacet
  facet normal 9.760237e-01 0.000000e+00 -2.176644e-01
    outer loop
      vertex 1.405010e+00 3.940165e+00 -8.217977e-01
      vertex 1.588281e+00 4.398327e+00 0.000000e+00
      vertex 1.588281e+00 3.482003e+00 0.000000e+00
    endloop
  endfacet
  facet normal 8.192352e-01 5.174165e-01 -2.472526e-01
    outer loop
      vertex 2.321338e+00 2.321338e+00 7.122120e+00
      vertex 1.588281e+00 3.023840e+00 6.163340e+00
      vertex 1.588281e+00 3.482003e+00 7.122120e+00
    endloop
  endfacet
  facet normal 8.192352e-01 5.174165e-01 2.472526e-01
    outer loop
      vertex 2.321338e+00 2.321338e+00 7.122120e+00
      vertex 1.588281e+00 3.482003e+00 7.122120e+00
      vertex 1.588281e+00 3.023840e+00 8.080900e+00
    endloop
  endfacet
  facet normal 7.947055e-01 5.785224e-01 1.837253e-01
    outer loop
      vertex 2.321338e+00 2.321338e+00 7.122120e+00
      vertex 1.588281e+00 3.023840e+00 8.080900e+00
      vertex 2.138091e+00 2.138091e+00 8.491775e+00
    endloop
  endfacet
  facet normal 5.785224e-01 7.947055e-01 1.837253e-01
    outer loop
      vertex 2.321338e+00 2.321338e+00 7.122120e+00
      vertex 2.138091e+00 2.138091e+00 8.491775e+00
      vertex 3.023840e+00 1.588281e+00 8.080900e+00
    endloop
  endfacet
  facet normal 5.174165e-01 8.192352e-01 2.472526e-01
    outer loop
      vertex 2.321338e+00 2.321338e+00 7.122120e+00
      vertex 3.023840e+00 1.588281e+00 8.080900e+00
      vertex 3.482003e+00 1.588281e+00 7.122120e+00
    endloop
  endfacet
  facet normal 5.174165e-01 8.192352e-01 -2.472526e-01
    outer loop
      vertex 2.321338e+00 2.321338e+00 7.122120e+00
      vertex 3.482003e+00 1.588281e+00 7.122120e+00
      vertex 3.023840e+00 1.588281e+00 6.163340e+00
    endloop
  endfacet
  facet normal 5.785224e-01 7.947055e-01 -1.837253e-01
    outer loop
      vertex 2.321338e+00 2.321338e+00 7.122120e+00
      vertex 3.023840e+00 1.588281e+00 6.163340e+00
      vertex 2.138091e+00 2.138091e+00 5.752465e+00
    endloop
  endfacet
  facet normal 7.947055e-01 5.785224e-01 -1.837253e-01
    outer loop
      vertex 2.321338e+00 2.321338e+00 7.122120e+00
      vertex 2.138091e+00 2.138091e+00 5.752465e+00
      vertex 1.588281e+00 3.023840e+00 6.163340e+00
    endloop
  endfacet
  facet normal 2.095055e-01 9.726688e-01 1.001143e-01
    outer loop
      vertex 3.940165e+00 1.405010e+00 8.217977e-01
      vertex 3.482003e+00 1.588281e+00 0.000000e+00
      vertex 3.023840e+00 1.588281e+00 9.587798e-01
    endloop
  endfacet
  facet normal 2.422550e-01 7.728372e-01 5.865452e-01
    outer loop
      vertex 3.940165e+00 1.405010e+00 8.217977e-01
      vertex 3.023840e+00 1.588281e+00 9.587798e-01
      vertex 3.451427e+00 1.038470e+00 1.506613e+00
    endloop
  endfacet
  facet normal 0.000000e+00 8.816541e-01 4.718962e-01
    outer loop
      vertex 3.940165e+00 1.405010e+00 8.217977e-01
      vertex 3.451427e+00 1.038470e+00 1.506613e+00
      vertex 4.428903e+00 1.038470e+00 1.506613e+00
    endloop
  endfacet
  facet normal -2.422550e-01 7.728372e-01 5.865452e-01
    outer loop
      vertex 3.940165e+00 1.405010e+00 8.217977e-01
      vertex 4.428903e+00 1.038470e+00 1.506613e+00
      vertex 4.856490e+00 1.588281e+00 9.587798e-01
    endloop
  endfacet
  facet normal -2.095055e-01 9.726688e-01 1.001143e-01
    outer loop
      vertex 3.940165e+00 1.405010e+00 8.217977e-01
      vertex 4.856490e+00 1.588281e+00 9.587798e-01
      vertex 4.398327e+00 1.588281e+00 0.000000e+00
    endloop
  endfacet
  facet normal 0.000000e+00 9.760237e-01 2.176644e-01
    outer loop
      vertex 3.940165e+00 1.405010e+00 8.217977e-01
      vertex 4.398327e+00 1.588281e+00 0.000000e+00
      vertex 3.482003e+00 1.588281e+00 0.000000e+00
    endloop
  endfacet
  facet normal 2.095055e-01 9.726688e-01 -1.001143e-01
    outer loop
      vertex 3.940165e+00 1.405010e+00 6.300322e+00
      vertex 3.023840e+00 1.588281e+00 6.163340e+00
      vertex 3.482003e+00 1.588281e+00 7.122120e+00
    endloop
  endfacet
  facet normal 0.000000e+00 9.760237e-01 -2.176644e-01
    outer loop
      vertex 3.940165e+00 1.405010e+00 6.300322e+00
      vertex 3.482003e+00 1.588281e+00 7.122120e+00
      vertex 4.398327e+00 1.588281e+00 7.122120e+00
    endloop
  endfacet
  facet normal -2.095055e-01 9.726688e-01 -1.001143e-01
    outer loop
      vertex 3.940165e+00 1.405010e+00 6.300322e+00
      vertex 4.398327e+00 1.588281e+00 7.122120e+00
      vertex 4.856490e+00 1.588281e+00 6.163340e+00
    endloop
  endfacet
  facet normal -2.422550e-01 7.728372e-01 -5.865452e-01
    outer loop
      vertex 3.940165e+00 1.405010e+00 6.300322e+00
      vertex 4.856490e+00 1.588281e+00 6.163340e+00
      vertex 4.428903e+00 1.038470e+00 5.615507e+00
    endloop
  endfacet
  facet normal 0.000000e+00 8.816541e-01 -4.718962e-01
    outer loop
      vertex 3.940165e+00 1.405010e+00 6.300322e+00
      vertex 4.428903e+00 1.038470e+00 5.615507e+00
      vertex 3.451427e+00 1.038470e+00 5.615507e+00
    endloop
  endfacet
  facet normal 2.422550e-01 7.728372e-01 -5.865452e-01
    outer loop
      vertex 3.940165e+00 1.405010e+00 6.300322e+00
      vertex 3.451427e+00 1.038470e+00 5.615507e+00
      vertex 3.023840e+00 1.588281e+00 6.163340e+00
    endloop
  endfacet
  facet normal 8.192352e-01 -5.174165e-01 2.472526e-01
    outer loop
      vertex 2.321338e+00 5.558992e+00 -2.775558e-17
      vertex 1.588281e+00 4.856490e+00 9.587798e-01
      vertex 1.588281e+00 4.398327e+00 0.000000e+00
    endloop
  endfacet
  facet normal 8.192352e-01 -5.174165e-01 -2.472526e-01
    outer loop
      vertex 2.321338e+00 5.558992e+00 -2.775558e-17
      vertex 1.588281e+00 4.398327e+00 0.000000e+00
      vertex 1.588281e+00 4.856490e+00 -9.587798e-01
    endloop
  endfacet
  facet normal 7.947055e-01 -5.785224e-01 -1.837253e-01
    outer loop
      vertex 2.321338e+00 5.558992e+00 -2.775558e-17
      vertex 1.588281e+00 4.856490e+00 -9.587798e-01
      vertex 2.138091e+00 5.742239e+00 -1.369655e+00
    endloop
  endfacet
  facet normal 5.785224e-01 -7.947055e-01 -1.837253e-01
    outer loop
      vertex 2.321338e+00 5.558992e+00 -2.775558e-17
      vertex 2.138091e+00 5.742239e+00 -1.369655e+00
      vertex 3.023840e+00 6.292049e+00 -9.587798e-01
    endloop
  endfacet
  facet normal 5.174165e-01 -8.192352e-01 -2.472526e-01
    outer loop
      vertex 2.321338e+00 5.558992e+00 -2.775558e-17
      vertex 3.023840e+00 6.292049e+00 -9.587798e-01
      vertex 3.482003e+00 6.292049e+00 0.000000e+00
    endloop
  endfacet
  facet normal 5.174165e-01 -8.192352e-01 2.472526e-01
    outer loop
      vertex 2.321338e+00 5.558992e+00 -2.775558e-17
      vertex 3.482003e+00 6.292049e+00 0.000000e+00
      vertex 3.023840e+00 6.292049e+00 9.587798e-01
    endloop
  endfacet
  facet normal 5.785224e-01 -7.947055e-01 1.837253e-01
    outer loop
      vertex 2.321338e+00 5.558992e+00 -2.775558e-17
      vertex 3.023840e+00 6.292049e+00 9.587798e-01
      vertex 2.138091e+00 5.742239e+00 1.369655e+00
    endloop
  endfacet
  facet normal 7.947055e-01 -5.785224e-01 1.837253e-01
    outer loop
      vertex 2.321338e+00 5.558992e+00 -2.775558e-17
      vertex 2.138091e+00 5.742239e+00 1.369655e+00
      vertex 1.588281e+00 4.856490e+00 9.587798e-01
    endloop
  endfacet
  facet normal 9.726688e-01 -2.095055e-01 -1.001143e-01
    outer loop
      vertex 1.405010e+00 3.940165e+00 6.300322e+00
      vertex 1.588281e+00 4.856490e+00 6.163340e+00
      vertex 1.588281e+00 4.398327e+00 7.122120e+00
    endloop
  endfacet
  facet normal 9.760237e-01 0.000000e+00 -2.176644e-01
    outer loop
      vertex 1.405010e+00 3.940165e+00 6.300322e+00
      vertex 1.588281e+00 4.398327e+00 7.122120e+00
      vertex 1.588281e+00 3.482003e+00 7.122120e+00
    endloop
  endfacet
  facet normal 9.726688e-01 2.095055e-01 -1.001143e-01
    outer loop
      vertex 1.405010e+00 3.940165e+00 6.300322e+00
      vertex 1.588281e+00 3.482003e+00 7.122120e+00
      vertex 1.588281e+00 3.023840e+00 6.163340e+00
    endloop
  endfacet
  facet normal 7.728372e-01 2.422550e-01 -5.865452e-01
    outer loop
      vertex 1.405010e+00 3.940165e+00 6.300322e+00
      vertex 1.588281e+00 3.023840e+00 6.163340e+00
      vertex 1.038470e+00 3.451427e+00 5.615507e+00
    endloop
  endfacet
  facet normal 8.816541e-01 0.000000e+00 -4.718962e-01
    outer loop
      vertex 1.405010e+00 3.940165e+00 6.300322e+00
      vertex 1.038470e+00 3.451427e+00 5.615507e+00
      vertex 1.038470e+00 4.428903e+00 5.615507e+00
    endloop
  endfacet
  facet normal 7.728372e-01 -2.422550e-01 -5.865452e-01
    outer loop
      vertex 1.405010e+00 3.940165e+00 6.300322e+00
      vertex 1.038470e+00 4.428903e+00 5.615507e+00
      vertex 1.588281e+00 4.856490e+00 6.163340e+00
    endloop
  endfacet
  facet normal -5.174165e-01 8.192352e-01 2.472526e-01
    outer loop
      vertex 5.558992e+00 2.321338e+00 0.000000e+00
      vertex 4.398327e+00 1.588281e+00 0.000000e+00
      vertex 4.856490e+00 1.588281e+00 9.587798e-01
    endloop
  endfacet
  facet normal -5.785224e-01 7.947055e-01 1.837253e-01
    outer loop
      vertex 5.558992e+00 2.321338e+00 0.000000e+00
      vertex 4.856490e+00 1.588281e+00 9.587798e-01
      vertex 5.742239e+00 2.138091e+00 1.369655e+00
    endloop
  endfacet
  facet normal -7.947055e-01 5.785224e-01 1.837253e-01
    outer loop
      vertex 5.558992e+00 2.321338e+00 0.000000e+00
      vertex 5.742239e+00 2.138091e+00 1.369655e+00
      vertex 6.292049e+00 3.023840e+00 9.587798e-01
    endloop
  endfacet
  facet normal -8.192352e-01 5.174165e-01 2.472526e-01
    outer loop
      vertex 5.558992e+00 2.321338e+00 0.000000e+00
      vertex 6.292049e+00 3.023840e+00 9.587798e-01
      vertex 6.292049e+00 3.482003e+00 0.000000e+00
    endloop
  endfacet
  facet normal -8.192352e-01 5.174165e-01 -2.472526e-01
    outer loop
      vertex 5.558992e+00 2.321338e+00 0.000000e+00
      vertex 6.292049e+00 3.482003e+00 0.000000e+00
      vertex 6.292049e+00 3.023840e+00 -9.587798e-01
    endloop
  endfacet
  facet normal -7.947055e-01 5.785224e-01 -1.837253e-01
    outer loop
      vertex 5.558992e+00 2.321338e+00 0.000000e+00
      vertex 6.292049e+00 3.023840e+00 -9.587798e-01
      vertex 5.742239e+00 2.138091e+00 -1.369655e+00
    endloop
  endfacet
  facet normal -5.785224e-01 7.947055e-01 -1.837253e-01
    outer loop
      vertex 5.558992e+00 2.321338e+00 0.000000e+00
      vertex 5.742239e+00 2.138091e+00 -1.369655e+00
      vertex 4.856490e+00 1.588281e+00 -9.587798e-01
    endloop
  endfacet
  facet normal -5.174165e-01 8.192352e-01 -2.472526e-01
    outer loop
      vertex 5.558992e+00 2.321338e+00 0.000000e+00
      vertex 4.856490e+00 1.588281e+00 -9.587798e-01
      vertex 4.398327e+00 1.588281e+00 0.000000e+00
    endloop
  endfacet
  facet normal -2.095055e-01 9.726688e-01 -1.001143e-01
    outer loop
      vertex 3.940165e+00 1.405010e+00 -8.217977e-01
      vertex 4.398327e+00 1.588281e+00 0.000000e+00
      vertex 4.856490e+00 1.588281e+00 -9.587798e-01
    endloop
  endfacet
  facet normal -2.422550e-01 7.728372e-01 -5.865452e-01
    outer loop
      vertex 3.940165e+00 1.405010e+00 -8.217977e-01
      vertex 4.856490e+00 1.588281e+00 -9.587798e-01
      vertex 4.428903e+00 1.038470e+00 -1.506613e+00
    endloop
  endfacet
