solid surface_model
  facet normal -6.396223e-01 -6.396223e-01 -4.263410e-01
    outer loop
      vertex 0.000000e+00 2.084103e+00 1.042051e+00
      vertex 4.809275e-01 1.763484e+00 8.015458e-01
      vertex 3.206183e-01 1.603175e+00 1.282557e+00
    endloop
  endfacet
  facet normal -8.320503e-01 -5.547002e-01 2.994929e-16
    outer loop
      vertex 0.000000e+00 2.084103e+00 1.042051e+00
      vertex 3.206183e-01 1.603175e+00 1.282557e+00
      vertex -3.206183e-01 2.565030e+00 1.282557e+00
    endloop
  endfacet
  facet normal -6.396223e-01 -6.396223e-01 4.263410e-01
    outer loop
      vertex 0.000000e+00 2.084103e+00 1.042051e+00
      vertex -3.206183e-01 2.565030e+00 1.282557e+00
      vertex -4.809275e-01 2.404721e+00 8.015458e-01
    endloop
  endfacet
  facet normal -5.547002e-01 -8.320503e-01 -2.994929e-16
    outer loop
      vertex 0.000000e+00 2.084103e+00 1.042051e+00
      vertex -4.809275e-01 2.404721e+00 8.015458e-01
      vertex 4.809275e-01 1.763484e+00 8.015458e-01
    endloop
  endfacet
  facet normal -6.396223e-01 -6.396223e-01 -4.263410e-01
    outer loop
      vertex 1.042051e+00 1.042051e+00 1.042051e+00
      vertex 3.206183e-01 1.603175e+00 1.282557e+00
      vertex 4.809275e-01 1.763484e+00 8.015458e-01
    endloop
  endfacet
  facet normal -5.182929e-01 -6.047200e-01 -6.047200e-01
    outer loop
      vertex 1.042051e+00 1.042051e+00 1.042051e+00
      vertex 4.809275e-01 1.763484e+00 8.015458e-01
      vertex 1.603175e+00 1.282557e+00 3.206183e-01
    endloop
  endfacet
  facet normal -6.396223e-01 -4.263410e-01 -6.396223e-01
    outer loop
      vertex 1.042051e+00 1.042051e+00 1.042051e+00
      vertex 1.603175e+00 1.282557e+00 3.206183e-01
      vertex 1.763484e+00 8.015458e-01 4.809275e-01
    endloop
  endfacet
  facet normal -6.047200e-01 -6.047200e-01 -5.182929e-01
    outer loop
      vertex 1.042051e+00 1.042051e+00 1.042051e+00
      vertex 1.763484e+00 8.015458e-01 4.809275e-01
      vertex 1.282557e+00 3.206183e-01 1.603175e+00
    endloop
  endfacet
  facet normal -4.263410e-01 -6.396223e-01 -6.396223e-01
    outer loop
      vertex 1.042051e+00 1.042051e+00 1.042051e+00
      vertex 1.282557e+00 3.206183e-01 1.603175e+00
      vertex 8.015458e-01 4.809275e-01 1.763484e+00
    endloop
  endfacet
  facet normal -6.047200e-01 -5.182929e-01 -6.047200e-01
    outer loop
      vertex 1.042051e+00 1.042051e+00 1.042051e+00
      vertex 8.015458e-01 4.809275e-01 1.763484e+00
      vertex 3.206183e-01 1.603175e+00 1.282557e+00
    endloop
  endfacet
  facet normal -4.263410e-01 -6.396223e-01 -6.396223e-01
    outer loop
      vertex 1.042051e+00 -2.775558e-17 2.084103e+00
      vertex 8.015458e-01 4.809275e-01 1.763484e+00
      vertex 1.282557e+00 3.206183e-01 1.603175e+00
    endloop
  endfacet
  facet normal 1.996620e-16 -8.320503e-01 -5.547002e-01
    outer loop
      vertex 1.042051e+00 -2.775558e-17 2.084103e+00
      vertex 1.282557e+00 3.206183e-01 1.603175e+00
      vertex 1.282557e+00 -3.206183e-01 2.565030e+00
    endloop
  endfacet
  facet normal 4.263410e-01 -6.396223e-01 -6.396223e-01
    outer loop
      vertex 1.042051e+00 -2.775558e-17 2.084103e+00
      vertex 1.282557e+00 -3.206183e-01 2.565030e+00
      vertex 8.015458e-01 -4.809275e-01 2.404721e+00
    endloop
  endfacet
  facet normal -1.996620e-16 -5.547002e-01 -8.320503e-01
    outer loop
      vertex 1.042051e+00 -2.775558e-17 2.084103e+00
      vertex 8.015458e-01 -4.809275e-01 2.404721e+00
      vertex 8.015458e-01 4.809275e-01 1.763484e+00
    endloop
  endfacet
  facet normal -6.396223e-01 -4.263410e-01 -6.396223e-01
    outer loop
      vertex 2.084103e+00 1.042051e+00 -8.326673e-17
      vertex 1.763484e+00 8.015458e-01 4.809275e-01
      vertex 1.603175e+00 1.282557e+00 3.206183e-01
    endloop
  endfacet
  facet normal -5.547002e-01 3.993239e-16 -8.320503e-01
    outer loop
      vertex 2.084103e+00 1.042051e+00 -8.326673e-17
      vertex 1.603175e+00 1.282557e+00 3.206183e-01
      vertex 2.565030e+00 1.282557e+00 -3.206183e-01
    endloop
  endfacet
  facet normal -6.396223e-01 4.263410e-01 -6.396223e-01
    outer loop
      vertex 2.084103e+00 1.042051e+00 -8.326673e-17
      vertex 2.565030e+00 1.282557e+00 -3.206183e-01
      vertex 2.404721e+00 8.015458e-01 -4.809275e-01
    endloop
  endfacet
  facet normal -8.320503e-01 -3.993239e-16 -5.547002e-01
    outer loop
      vertex 2.084103e+00 1.042051e+00 -8.326673e-17
      vertex 2.404721e+00 8.015458e-01 -4.809275e-01
      vertex 1.763484e+00 8.015458e-01 4.809275e-01
    endloop
  endfacet
  facet normal 6.396223e-01 -6.396223e-01 -4.263410e-01
    outer loop
      vertex 2.220446e-16 6.252308e+00 3.126154e+00
      vertex 3.206183e-01 6.733235e+00 2.885648e+00
      vertex 4.809275e-01 6.572926e+00 3.366659e+00
    endloop
  endfacet
  facet normal 5.547002e-01 -8.320503e-01 9.983098e-17
    outer loop
      vertex 2.220446e-16 6.252308e+00 3.126154e+00
      vertex 4.809275e-01 6.572926e+00 3.366659e+00
      vertex -4.809275e-01 5.931689e+00 3.366659e+00
    endloop
  endfacet
  facet normal 6.396223e-01 -6.396223e-01 4.263410e-01
    outer loop
      vertex 2.220446e-16 6.252308e+00 3.126154e+00
      vertex -4.809275e-01 5.931689e+00 3.366659e+00
      vertex -3.206183e-01 5.771380e+00 2.885648e+00
    endloop
  endfacet
  facet normal 8.320503e-01 -5.547002e-01 0.000000e+00
    outer loop
      vertex 2.220446e-16 6.252308e+00 3.126154e+00
      vertex -3.206183e-01 5.771380e+00 2.885648e+00
      vertex 3.206183e-01 6.733235e+00 2.885648e+00
    endloop
  endfacet
  facet normal 6.396223e-01 -6.396223e-01 -4.263410e-01
    outer loop
      vertex 1.042051e+00 7.294359e+00 3.126154e+00
      vertex 4.809275e-01 6.572926e+00 3.366659e+00
      vertex 3.206183e-01 6.733235e+00 2.885648e+00
    endloop
  endfacet
  facet normal 6.047200e-01 -5.182929e-01 -6.047200e-01
    outer loop
      vertex 1.042051e+00 7.294359e+00 3.126154e+00
      vertex 3.206183e-01 6.733235e+00 2.885648e+00
      vertex 8.015458e-01 7.855483e+00 2.404721e+00
    endloop
  endfacet
  facet normal 4.263410e-01 -6.396223e-01 -6.396223e-01
    outer loop
      vertex 1.042051e+00 7.294359e+00 3.126154e+00
      vertex 8.015458e-01 7.855483e+00 2.404721e+00
      vertex 1.282557e+00 8.015792e+00 2.565030e+00
    endloop
  endfacet
  facet normal 6.047200e-01 -6.047200e-01 -5.182929e-01
    outer loop
      vertex 1.042051e+00 7.294359e+00 3.126154e+00
      vertex 1.282557e+00 8.015792e+00 2.565030e+00
      vertex 1.763484e+00 7.534864e+00 3.687278e+00
    endloop
  endfacet
  facet normal 6.396223e-01 -4.263410e-01 -6.396223e-01
    outer loop
      vertex 1.042051e+00 7.294359e+00 3.126154e+00
      vertex 1.763484e+00 7.534864e+00 3.687278e+00
      vertex 1.603175e+00 7.053853e+00 3.847587e+00
    endloop
  endfacet
  facet normal 5.182929e-01 -6.047200e-01 -6.047200e-01
    outer loop
      vertex 1.042051e+00 7.294359e+00 3.126154e+00
      vertex 1.603175e+00 7.053853e+00 3.847587e+00
      vertex 4.809275e-01 6.572926e+00 3.366659e+00
    endloop
  endfacet
  facet normal -4.263410e-01 6.396223e-01 -6.396223e-01
    outer loop
      vertex 3.126154e+00 1.110223e-16 6.252308e+00
      vertex 2.885648e+00 3.206183e-01 6.733235e+00
      vertex 3.366659e+00 4.809275e-01 6.572926e+00
    endloop
  endfacet
  facet normal 9.983098e-17 5.547002e-01 -8.320503e-01
    outer loop
      vertex 3.126154e+00 1.110223e-16 6.252308e+00
      vertex 3.366659e+00 4.809275e-01 6.572926e+00
      vertex 3.366659e+00 -4.809275e-01 5.931689e+00
    endloop
  endfacet
  facet normal 4.263410e-01 6.396223e-01 -6.396223e-01
    outer loop
      vertex 3.126154e+00 1.110223e-16 6.252308e+00
      vertex 3.366659e+00 -4.809275e-01 5.931689e+00
      vertex 2.885648e+00 -3.206183e-01 5.771380e+00
    endloop
  endfacet
  facet normal 9.983098e-17 8.320503e-01 -5.547002e-01
    outer loop
      vertex 3.126154e+00 1.110223e-16 6.252308e+00
      vertex 2.885648e+00 -3.206183e-01 5.771380e+00
      vertex 2.885648e+00 3.206183e-01 6.733235e+00
    endloop
  endfacet
  facet normal -4.263410e-01 6.396223e-01 -6.396223e-01
    outer loop
      vertex 3.126154e+00 1.042051e+00 7.294359e+00
      vertex 3.366659e+00 4.809275e-01 6.572926e+00
      vertex 2.885648e+00 3.206183e-01 6.733235e+00
    endloop
  endfacet
  facet normal -6.047200e-01 6.047200e-01 -5.182929e-01
    outer loop
      vertex 3.126154e+00 1.042051e+00 7.294359e+00
      vertex 2.885648e+00 3.206183e-01 6.733235e+00
      vertex 2.404721e+00 8.015458e-01 7.855483e+00
    endloop
  endfacet
  facet normal -6.396223e-01 4.263410e-01 -6.396223e-01
    outer loop
      vertex 3.126154e+00 1.042051e+00 7.294359e+00
      vertex 2.404721e+00 8.015458e-01 7.855483e+00
      vertex 2.565030e+00 1.282557e+00 8.015792e+00
    endloop
  endfacet
  facet normal -5.182929e-01 6.047200e-01 -6.047200e-01
    outer loop
      vertex 3.126154e+00 1.042051e+00 7.294359e+00
      vertex 2.565030e+00 1.282557e+00 8.015792e+00
      vertex 3.687278e+00 1.763484e+00 7.534864e+00
    endloop
  endfacet
  facet normal -6.396223e-01 6.396223e-01 -4.263410e-01
    outer loop
      vertex 3.126154e+00 1.042051e+00 7.294359e+00
      vertex 3.687278e+00 1.763484e+00 7.534864e+00
      vertex 3.847587e+00 1.603175e+00 7.053853e+00
    endloop
  endfacet
  facet normal -6.047200e-01 5.182929e-01 -6.047200e-01
    outer loop
      vertex 3.126154e+00 1.042051e+00 7.294359e+00
      vertex 3.847587e+00 1.603175e+00 7.053853e+00
      vertex 3.366659e+00 4.809275e-01 6.572926e+00
    endloop
  endfacet
  facet normal -6.396223e-01 -4.263410e-01 6.396223e-01
    outer loop
      vertex 6.252308e+00 3.126154e+00 -8.326673e-17
      vertex 6.733235e+00 2.885648e+00 3.206183e-01
      vertex 6.572926e+00 3.366659e+00 4.809275e-01
    endloop
  endfacet
  facet normal -8.320503e-01 0.000000e+00 5.547002e-01
    outer loop
      vertex 6.252308e+00 3.126154e+00 -8.326673e-17
      vertex 6.572926e+00 3.366659e+00 4.809275e-01
      vertex 5.931689e+00 3.366659e+00 -4.809275e-01
    endloop
  endfacet
  facet normal -6.396223e-01 4.263410e-01 6.396223e-01
    outer loop
      vertex 6.252308e+00 3.126154e+00 -8.326673e-17
      vertex 5.931689e+00 3.366659e+00 -4.809275e-01
      vertex 5.771380e+00 2.885648e+00 -3.206183e-01
    endloop
  endfacet
  facet normal -5.547002e-01 1.996620e-16 8.320503e-01
    outer loop
      vertex 6.252308e+00 3.126154e+00 -8.326673e-17
      vertex 5.771380e+00 2.885648e+00 -3.206183e-01
      vertex 6.733235e+00 2.885648e+00 3.206183e-01
    endloop
  endfacet
  facet normal -6.396223e-01 -4.263410e-01 6.396223e-01
    outer loop
      vertex 7.294359e+00 3.126154e+00 1.042051e+00
      vertex 6.572926e+00 3.366659e+00 4.809275e-01
      vertex 6.733235e+00 2.885648e+00 3.206183e-01
    endloop
  endfacet
  facet normal -5.182929e-01 -6.047200e-01 6.047200e-01
    outer loop
      vertex 7.294359e+00 3.126154e+00 1.042051e+00
      vertex 6.733235e+00 2.885648e+00 3.206183e-01
      vertex 7.855483e+00 2.404721e+00 8.015458e-01
    endloop
  endfacet
  facet normal -6.396223e-01 -6.396223e-01 4.263410e-01
    outer loop
      vertex 7.294359e+00 3.126154e+00 1.042051e+00
      vertex 7.855483e+00 2.404721e+00 8.015458e-01
      vertex 8.015792e+00 2.565030e+00 1.282557e+00
    endloop
  endfacet
  facet normal -6.047200e-01 -5.182929e-01 6.047200e-01
    outer loop
      vertex 7.294359e+00 3.126154e+00 1.042051e+00
      vertex 8.015792e+00 2.565030e+00 1.282557e+00
      vertex 7.534864e+00 3.687278e+00 1.763484e+00
    endloop
  endfacet
  facet normal -4.263410e-01 -6.396223e-01 6.396223e-01
    outer loop
      vertex 7.294359e+00 3.126154e+00 1.042051e+00
      vertex 7.534864e+00 3.687278e+00 1.763484e+00
      vertex 7.053853e+00 3.847587e+00 1.603175e+00
    endloop
  endfacet
  facet normal -6.047200e-01 -6.047200e-01 5.182929e-01
    outer loop
      vertex 7.294359e+00 3.126154e+00 1.042051e+00
      vertex 7.053853e+00 3.847587e+00 1.603175e+00
      vertex 6.572926e+00 3.366659e+00 4.809275e-01
    endloop
  endfacet
  facet normal 6.396223e-01 -4.263410e-01 -6.396223e-01
    outer loop
      vertex 2.084103e+00 7.294359e+00 4.168205e+00
      vertex 1.603175e+00 7.053853e+00 3.847587e+00
      vertex 1.763484e+00 7.534864e+00 3.687278e+00
    endloop
  endfacet
  facet normal 8.320503e-01 0.000000e+00 -5.547002e-01
    outer loop
      vertex 2.084103e+00 7.294359e+00 4.168205e+00
      vertex 1.763484e+00 7.534864e+00 3.687278e+00
      vertex 2.404721e+00 7.534864e+00 4.649132e+00
    endloop
  endfacet
  facet normal 6.396223e-01 4.263410e-01 -6.396223e-01
    outer loop
      vertex 2.084103e+00 7.294359e+00 4.168205e+00
      vertex 2.404721e+00 7.534864e+00 4.649132e+00
      vertex 2.565030e+00 7.053853e+00 4.488823e+00
    endloop
  endfacet
  facet normal 5.547002e-01 0.000000e+00 -8.320503e-01
    outer loop
      vertex 2.084103e+00 7.294359e+00 4.168205e+00
      vertex 2.565030e+00 7.053853e+00 4.488823e+00
      vertex 1.603175e+00 7.053853e+00 3.847587e+00
    endloop
  endfacet
  facet normal -6.396223e-01 6.396223e-01 -4.263410e-01
    outer loop
      vertex 4.168205e+00 2.084103e+00 7.294359e+00
      vertex 3.847587e+00 1.603175e+00 7.053853e+00
      vertex 3.687278e+00 1.763484e+00 7.534864e+00
    endloop
  endfacet
  facet normal -5.547002e-01 8.320503e-01 1.197972e-15
    outer loop
      vertex 4.168205e+00 2.084103e+00 7.294359e+00
      vertex 3.687278e+00 1.763484e+00 7.534864e+00
      vertex 4.649132e+00 2.404721e+00 7.534864e+00
    endloop
  endfacet
  facet normal -6.396223e-01 6.396223e-01 4.263410e-01
    outer loop
      vertex 4.168205e+00 2.084103e+00 7.294359e+00
      vertex 4.649132e+00 2.404721e+00 7.534864e+00
      vertex 4.488823e+00 2.565030e+00 7.053853e+00
    endloop
  endfacet
  facet normal -8.320503e-01 5.547002e-01 -4.991549e-16
    outer loop
      vertex 4.168205e+00 2.084103e+00 7.294359e+00
      vertex 4.488823e+00 2.565030e+00 7.053853e+00
      vertex 3.847587e+00 1.603175e+00 7.053853e+00
    endloop
  endfacet
  facet normal -4.263410e-01 -6.396223e-01 6.396223e-01
    outer loop
      vertex 7.294359e+00 4.168205e+00 2.084103e+00
      vertex 7.053853e+00 3.847587e+00 1.603175e+00
      vertex 7.534864e+00 3.687278e+00 1.763484e+00
    endloop
  endfacet
  facet normal -2.994929e-16 -5.547002e-01 8.320503e-01
    outer loop
      vertex 7.294359e+00 4.168205e+00 2.084103e+00
      vertex 7.534864e+00 3.687278e+00 1.763484e+00
      vertex 7.534864e+00 4.649132e+00 2.404721e+00
    endloop
  endfacet
  facet normal 4.263410e-01 -6.396223e-01 6.396223e-01
    outer loop
      vertex 7.294359e+00 4.168205e+00 2.084103e+00
      vertex 7.534864e+00 4.649132e+00 2.404721e+00
      vertex 7.053853e+00 4.488823e+00 2.565030e+00
    endloop
  endfacet
  facet normal 1.996620e-16 -8.320503e-01 5.547002e-01
    outer loop
      vertex 7.294359e+00 4.168205e+00 2.084103e+00
      vertex 7.053853e+00 4.488823e+00 2.565030e+00
      vertex 7.053853e+00 3.847587e+00 1.603175e+00
    endloop
  endfacet
  facet normal 4.263410e-01 -6.396223e-01 -6.396223e-01
    outer loop
      vertex 1.042051e+00 8.336410e+00 2.084103e+00
      vertex 1.282557e+00 8.015792e+00 2.565030e+00
      vertex 8.015458e-01 7.855483e+00 2.404721e+00
    endloop
  endfacet
  facet normal 6.988169e-16 -5.547002e-01 -8.320503e-01
    outer loop
      vertex 1.042051e+00 8.336410e+00 2.084103e+00
      vertex 8.015458e-01 7.855483e+00 2.404721e+00
      vertex 8.015458e-01 8.817337e+00 1.763484e+00
    endloop
  endfacet
  facet normal -4.263410e-01 -6.396223e-01 -6.396223e-01
    outer loop
      vertex 1.042051e+00 8.336410e+00 2.084103e+00
      vertex 8.015458e-01 8.817337e+00 1.763484e+00
      vertex 1.282557e+00 8.657028e+00 1.603175e+00
    endloop
  endfacet
  facet normal 1.996620e-16 -8.320503e-01 -5.547002e-01
    outer loop
      vertex 1.042051e+00 8.336410e+00 2.084103e+00
      vertex 1.282557e+00 8.657028e+00 1.603175e+00
      vertex 1.282557e+00 8.015792e+00 2.565030e+00
    endloop
  endfacet
  facet normal -6.396223e-01 4.263410e-01 -6.396223e-01
    outer loop
      vertex 2.084103e+00 1.042051e+00 8.336410e+00
      vertex 2.565030e+00 1.282557e+00 8.015792e+00
      vertex 2.404721e+00 8.015458e-01 7.855483e+00
    endloop
  endfacet
  facet normal -8.320503e-01 6.988169e-16 -5.547002e-01
    outer loop
      vertex 2.084103e+00 1.042051e+00 8.336410e+00
      vertex 2.404721e+00 8.015458e-01 7.855483e+00
      vertex 1.763484e+00 8.015458e-01 8.817337e+00
    endloop
  endfacet
  facet normal -6.396223e-01 -4.263410e-01 -6.396223e-01
    outer loop
      vertex 2.084103e+00 1.042051e+00 8.336410e+00
      vertex 1.763484e+00 8.015458e-01 8.817337e+00
      vertex 1.603175e+00 1.282557e+00 8.657028e+00
    endloop
  endfacet
  facet normal -5.547002e-01 1.996620e-16 -8.320503e-01
    outer loop
      vertex 2.084103e+00 1.042051e+00 8.336410e+00
      vertex 1.603175e+00 1.282557e+00 8.657028e+00
      vertex 2.565030e+00 1.282557e+00 8.015792e+00
    endloop
  endfacet
  facet normal -6.396223e-01 -6.396223e-01 4.263410e-01
    outer loop
      vertex 8.336410e+00 2.084103e+00 1.042051e+00
      vertex 8.015792e+00 2.565030e+00 1.282557e+00
      vertex 7.855483e+00 2.404721e+00 8.015458e-01
    endloop
  endfacet
  facet normal -5.547002e-01 -8.320503e-01 6.988169e-16
    outer loop
      vertex 8.336410e+00 2.084103e+00 1.042051e+00
      vertex 7.855483e+00 2.404721e+00 8.015458e-01
      vertex 8.817337e+00 1.763484e+00 8.015458e-01
    endloop
  endfacet
  facet normal -6.396223e-01 -6.396223e-01 -4.263410e-01
    outer loop
      vertex 8.336410e+00 2.084103e+00 1.042051e+00
      vertex 8.817337e+00 1.763484e+00 8.015458e-01
      vertex 8.657028e+00 1.603175e+00 1.282557e+00
    endloop
  endfacet
  facet normal -8.320503e-01 -5.547002e-01 1.996620e-16
    outer loop
      vertex 8.336410e+00 2.084103e+00 1.042051e+00
      vertex 8.657028e+00 1.603175e+00 1.282557e+00
      vertex 8.015792e+00 2.565030e+00 1.282557e+00
    endloop
  endfacet
  facet normal 6.396223e-01 4.263410e-01 -6.396223e-01
    outer loop
      vertex 3.126154e+00 7.294359e+00 5.210256e+00
      vertex 2.565030e+00 7.053853e+00 4.488823e+00
      vertex 2.404721e+00 7.534864e+00 4.649132e+00
    endloop
  endfacet
  facet normal 6.047200e-01 6.047200e-01 -5.182929e-01
    outer loop
      vertex 3.126154e+00 7.294359e+00 5.210256e+00
      vertex 2.404721e+00 7.534864e+00 4.649132e+00
      vertex 2.885648e+00 8.015792e+00 5.771380e+00
    endloop
  endfacet
  facet normal 4.263410e-01 6.396223e-01 -6.396223e-01
    outer loop
      vertex 3.126154e+00 7.294359e+00 5.210256e+00
      vertex 2.885648e+00 8.015792e+00 5.771380e+00
      vertex 3.366659e+00 7.855483e+00 5.931689e+00
    endloop
  endfacet
  facet normal 6.047200e-01 5.182929e-01 -6.047200e-01
    outer loop
      vertex 3.126154e+00 7.294359e+00 5.210256e+00
      vertex 3.366659e+00 7.855483e+00 5.931689e+00
      vertex 3.847587e+00 6.733235e+00 5.450762e+00
    endloop
  endfacet
  facet normal 6.396223e-01 6.396223e-01 -4.263410e-01
    outer loop
      vertex 3.126154e+00 7.294359e+00 5.210256e+00
      vertex 3.847587e+00 6.733235e+00 5.450762e+00
      vertex 3.687278e+00 6.572926e+00 4.969751e+00
    endloop
  endfacet
  facet normal 5.182929e-01 6.047200e-01 -6.047200e-01
    outer loop
      vertex 3.126154e+00 7.294359e+00 5.210256e+00
      vertex 3.687278e+00 6.572926e+00 4.969751e+00
      vertex 2.565030e+00 7.053853e+00 4.488823e+00
    endloop
  endfacet
  facet normal -6.396223e-01 6.396223e-01 4.263410e-01
    outer loop
      vertex 5.210256e+00 3.126154e+00 7.294359e+00
      vertex 4.488823e+00 2.565030e+00 7.053853e+00
      vertex 4.649132e+00 2.404721e+00 7.534864e+00
    endloop
  endfacet
  facet normal -5.182929e-01 6.047200e-01 6.047200e-01
    outer loop
      vertex 5.210256e+00 3.126154e+00 7.294359e+00
      vertex 4.649132e+00 2.404721e+00 7.534864e+00
      vertex 5.771380e+00 2.885648e+00 8.015792e+00
    endloop
  endfacet
  facet normal -6.396223e-01 4.263410e-01 6.396223e-01
    outer loop
      vertex 5.210256e+00 3.126154e+00 7.294359e+00
      vertex 5.771380e+00 2.885648e+00 8.015792e+00
      vertex 5.931689e+00 3.366659e+00 7.855483e+00
    endloop
  endfacet
  facet normal -6.047200e-01 6.047200e-01 5.182929e-01
    outer loop
      vertex 5.210256e+00 3.126154e+00 7.294359e+00
      vertex 5.931689e+00 3.366659e+00 7.855483e+00
      vertex 5.450762e+00 3.847587e+00 6.733235e+00
    endloop
  endfacet
  facet normal -4.263410e-01 6.396223e-01 6.396223e-01
    outer loop
      vertex 5.210256e+00 3.126154e+00 7.294359e+00
      vertex 5.450762e+00 3.847587e+00 6.733235e+00
      vertex 4.969751e+00 3.687278e+00 6.572926e+00
    endloop
  endfacet
  facet normal -6.047200e-01 5.182929e-01 6.047200e-01
    outer loop
      vertex 5.210256e+00 3.126154e+00 7.294359e+00
      vertex 4.969751e+00 3.687278e+00 6.572926e+00
      vertex 4.488823e+00 2.565030e+00 7.053853e+00
    endloop
  endfacet
  facet normal 4.263410e-01 -6.396223e-01 6.396223e-01
    outer loop
      vertex 7.294359e+00 5.210256e+00 3.126154e+00
      vertex 7.053853e+00 4.488823e+00 2.565030e+00
      vertex 7.534864e+00 4.649132e+00 2.404721e+00
    endloop
  endfacet
  facet normal 6.047200e-01 -5.182929e-01 6.047200e-01
    outer loop
      vertex 7.294359e+00 5.210256e+00 3.126154e+00
      vertex 7.534864e+00 4.649132e+00 2.404721e+00
      vertex 8.015792e+00 5.771380e+00 2.885648e+00
    endloop
  endfacet
  facet normal 6.396223e-01 -6.396223e-01 4.263410e-01
    outer loop
      vertex 7.294359e+00 5.210256e+00 3.126154e+00
      vertex 8.015792e+00 5.771380e+00 2.885648e+00
      vertex 7.855483e+00 5.931689e+00 3.366659e+00
    endloop
  endfacet
  facet normal 5.182929e-01 -6.047200e-01 6.047200e-01
    outer loop
      vertex 7.294359e+00 5.210256e+00 3.126154e+00
      vertex 7.855483e+00 5.931689e+00 3.366659e+00
      vertex 6.733235e+00 5.450762e+00 3.847587e+00
    endloop
  endfacet
  facet normal 6.396223e-01 -4.263410e-01 6.396223e-01
    outer loop
      vertex 7.294359e+00 5.210256e+00 3.126154e+00
      vertex 6.733235e+00 5.450762e+00 3.847587e+00
      vertex 6.572926e+00 4.969751e+00 3.687278e+00
    endloop
  endfacet
  facet normal 6.047200e-01 -6.047200e-01 5.182929e-01
    outer loop
      vertex 7.294359e+00 5.210256e+00 3.126154e+00
      vertex 6.572926e+00 4.969751e+00 3.687278e+00
      vertex 7.053853e+00 4.488823e+00 2.565030e+00
    endloop
  endfacet
  facet normal 6.396223e-01 6.396223e-01 -4.263410e-01
    outer loop
      vertex 4.168205e+00 6.252308e+00 5.210256e+00
      vertex 3.687278e+00 6.572926e+00 4.969751e+00
      vertex 3.847587e+00 6.733235e+00 5.450762e+00
    endloop
  endfacet
  facet normal 8.320503e-01 5.547002e-01 1.497465e-15
    outer loop
      vertex 4.168205e+00 6.252308e+00 5.210256e+00
      vertex 3.847587e+00 6.733235e+00 5.450762e+00
      vertex 4.488823e+00 5.771380e+00 5.450762e+00
    endloop
  endfacet
  facet normal 6.396223e-01 6.396223e-01 4.263410e-01
    outer loop
      vertex 4.168205e+00 6.252308e+00 5.210256e+00
      vertex 4.488823e+00 5.771380e+00 5.450762e+00
      vertex 4.649132e+00 5.931689e+00 4.969751e+00
    endloop
  endfacet
  facet normal 5.547002e-01 8.320503e-01 -9.983098e-16
    outer loop
      vertex 4.168205e+00 6.252308e+00 5.210256e+00
      vertex 4.649132e+00 5.931689e+00 4.969751e+00
      vertex 3.687278e+00 6.572926e+00 4.969751e+00
    endloop
  endfacet
  facet normal 6.396223e-01 6.396223e-01 4.263410e-01
    outer loop
      vertex 5.210256e+00 5.210256e+00 5.210256e+00
      vertex 4.649132e+00 5.931689e+00 4.969751e+00
      vertex 4.488823e+00 5.771380e+00 5.450762e+00
    endloop
  endfacet
  facet normal 6.047200e-01 5.182929e-01 6.047200e-01
    outer loop
      vertex 5.210256e+00 5.210256e+00 5.210256e+00
      vertex 4.488823e+00 5.771380e+00 5.450762e+00
      vertex 4.969751e+00 4.649132e+00 5.931689e+00
    endloop
  endfacet
  facet normal 4.263410e-01 6.396223e-01 6.396223e-01
    outer loop
      vertex 5.210256e+00 5.210256e+00 5.210256e+00
      vertex 4.969751e+00 4.649132e+00 5.931689e+00
      vertex 5.450762e+00 4.488823e+00 5.771380e+00
    endloop
  endfacet
  facet normal 6.047200e-01 6.047200e-01 5.182929e-01
    outer loop
      vertex 5.210256e+00 5.210256e+00 5.210256e+00
      vertex 5.450762e+00 4.488823e+00 5.771380e+00
      vertex 5.931689e+00 4.969751e+00 4.649132e+00
    endloop
  endfacet
  facet normal 6.396223e-01 4.263410e-01 6.396223e-01
    outer loop
      vertex 5.210256e+00 5.210256e+00 5.210256e+00
      vertex 5.931689e+00 4.969751e+00 4.649132e+00
      vertex 5.771380e+00 5.450762e+00 4.488823e+00
    endloop
  endfacet
  facet normal 5.182929e-01 6.047200e-01 6.047200e-01
    outer loop
      vertex 5.210256e+00 5.210256e+00 5.210256e+00
      vertex 5.771380e+00 5.450762e+00 4.488823e+00
      vertex 4.649132e+00 5.931689e+00 4.969751e+00
    endloop
  endfacet
  facet normal -4.263410e-01 6.396223e-01 6.396223e-01
    outer loop
      vertex 5.210256e+00 4.168205e+00 6.252308e+00
      vertex 4.969751e+00 3.687278e+00 6.572926e+00
      vertex 5.450762e+00 3.847587e+00 6.733235e+00
    endloop
  endfacet
  facet normal -6.988169e-16 8.320503e-01 5.547002e-01
    outer loop
      vertex 5.210256e+00 4.168205e+00 6.252308e+00
      vertex 5.450762e+00 3.847587e+00 6.733235e+00
      vertex 5.450762e+00 4.488823e+00 5.771380e+00
    endloop
  endfacet
  facet normal 4.263410e-01 6.396223e-01 6.396223e-01
    outer loop
      vertex 5.210256e+00 4.168205e+00 6.252308e+00
      vertex 5.450762e+00 4.488823e+00 5.771380e+00
      vertex 4.969751e+00 4.649132e+00 5.931689e+00
    endloop
  endfacet
  facet normal 4.991549e-16 5.547002e-01 8.320503e-01
    outer loop
      vertex 5.210256e+00 4.168205e+00 6.252308e+00
      vertex 4.969751e+00 4.649132e+00 5.931689e+00
      vertex 4.969751e+00 3.687278e+00 6.572926e+00
    endloop
  endfacet
  facet normal 6.396223e-01 4.263410e-01 6.396223e-01
    outer loop
      vertex 6.252308e+00 5.210256e+00 4.168205e+00
      vertex 5.771380e+00 5.450762e+00 4.488823e+00
      vertex 5.931689e+00 4.969751e+00 4.649132e+00
    endloop
  endfacet
  facet normal 8.320503e-01 0.000000e+00 5.547002e-01
    outer loop
      vertex 6.252308e+00 5.210256e+00 4.168205e+00
      vertex 5.931689e+00 4.969751e+00 4.649132e+00
      vertex 6.572926e+00 4.969751e+00 3.687278e+00
    endloop
  endfacet
  facet normal 6.396223e-01 -4.263410e-01 6.396223e-01
    outer loop
      vertex 6.252308e+00 5.210256e+00 4.168205e+00
      vertex 6.572926e+00 4.969751e+00 3.687278e+00
      vertex 6.733235e+00 5.450762e+00 3.847587e+00
    endloop
  endfacet
  facet normal 5.547002e-01 0.000000e+00 8.320503e-01
    outer loop
      vertex 6.252308e+00 5.210256e+00 4.168205e+00
      vertex 6.733235e+00 5.450762e+00 3.847587e+00
      vertex 5.771380e+00 5.450762e+00 4.488823e+00
    endloop
  endfacet
  facet normal 4.263410e-01 6.396223e-01 -6.396223e-01
    outer loop
      vertex 3.126154e+00 8.336410e+00 6.252308e+00
      vertex 3.366659e+00 7.855483e+00 5.931689e+00
      vertex 2.885648e+00 8.015792e+00 5.771380e+00
    endloop
  endfacet
  facet normal 0.000000e+00 8.320503e-01 -5.547002e-01
    outer loop
      vertex 3.126154e+00 8.336410e+00 6.252308e+00
      vertex 2.885648e+00 8.015792e+00 5.771380e+00
      vertex 2.885648e+00 8.657028e+00 6.733235e+00
    endloop
  endfacet
  facet normal -4.263410e-01 6.396223e-01 -6.396223e-01
    outer loop
      vertex 3.126154e+00 8.336410e+00 6.252308e+00
      vertex 2.885648e+00 8.657028e+00 6.733235e+00
      vertex 3.366659e+00 8.817337e+00 6.572926e+00
    endloop
  endfacet
  facet normal -1.098141e-15 5.547002e-01 -8.320503e-01
    outer loop
      vertex 3.126154e+00 8.336410e+00 6.252308e+00
      vertex 3.366659e+00 8.817337e+00 6.572926e+00
      vertex 3.366659e+00 7.855483e+00 5.931689e+00
    endloop
  endfacet
  facet normal -6.396223e-01 4.263410e-01 6.396223e-01
    outer loop
      vertex 6.252308e+00 3.126154e+00 8.336410e+00
      vertex 5.931689e+00 3.366659e+00 7.855483e+00
      vertex 5.771380e+00 2.885648e+00 8.015792e+00
    endloop
  endfacet
  facet normal -5.547002e-01 0.000000e+00 8.320503e-01
    outer loop
      vertex 6.252308e+00 3.126154e+00 8.336410e+00
      vertex 5.771380e+00 2.885648e+00 8.015792e+00
      vertex 6.733235e+00 2.885648e+00 8.657028e+00
    endloop
  endfacet
  facet normal -6.396223e-01 -4.263410e-01 6.396223e-01
    outer loop
      vertex 6.252308e+00 3.126154e+00 8.336410e+00
      vertex 6.733235e+00 2.885648e+00 8.657028e+00
      vertex 6.572926e+00 3.366659e+00 8.817337e+00
    endloop
  endfacet
  facet normal -8.320503e-01 9.983098e-16 5.547002e-01
    outer loop
      vertex 6.252308e+00 3.126154e+00 8.336410e+00
      vertex 6.572926e+00 3.366659e+00 8.817337e+00
      vertex 5.931689e+00 3.366659e+00 7.855483e+00
    endloop
  endfacet
  facet normal 6.396223e-01 -6.396223e-01 4.263410e-01
    outer loop
      vertex 8.336410e+00 6.252308e+00 3.126154e+00
      vertex 7.855483e+00 5.931689e+00 3.366659e+00
      vertex 8.015792e+00 5.771380e+00 2.885648e+00
    endloop
  endfacet
  facet normal 8.320503e-01 -5.547002e-01 0.000000e+00
    outer loop
      vertex 8.336410e+00 6.252308e+00 3.126154e+00
      vertex 8.015792e+00 5.771380e+00 2.885648e+00
      vertex 8.657028e+00 6.733235e+00 2.885648e+00
    endloop
  endfacet
  facet normal 6.396223e-01 -6.396223e-01 -4.263410e-01
    outer loop
      vertex 8.336410e+00 6.252308e+00 3.126154e+00
      vertex 8.657028e+00 6.733235e+00 2.885648e+00
      vertex 8.817337e+00 6.572926e+00 3.366659e+00
    endloop
  endfacet
  facet normal 5.547002e-01 -8.320503e-01 -1.098141e-15
    outer loop
      vertex 8.336410e+00 6.252308e+00 3.126154e+00
      vertex 8.817337e+00 6.572926e+00 3.366659e+00
      vertex 7.855483e+00 5.931689e+00 3.366659e+00
    endloop
  endfacet
  facet normal -5.547002e-01 -8.320503e-01 1.797269e-16
    outer loop
      vertex -1.387779e-17 2.084103e+00 4.007729e-01
      vertex 4.809275e-01 1.763484e+00 8.015458e-01
      vertex -4.809275e-01 2.404721e+00 8.015458e-01
    endloop
  endfacet
  facet normal -2.956562e-01 -8.869686e-01 3.547874e-01
    outer loop
      vertex -1.387779e-17 2.084103e+00 4.007729e-01
      vertex -4.809275e-01 2.404721e+00 8.015458e-01
      vertex -4.809275e-01 2.084103e+00 9.714451e-17
    endloop
  endfacet
  facet normal 0.000000e+00 -1.000000e+00 -0.000000e+00
    outer loop
      vertex -1.387779e-17 2.084103e+00 4.007729e-01
      vertex -4.809275e-01 2.084103e+00 9.714451e-17
      vertex 4.809275e-01 2.084103e+00 9.714451e-17
    endloop
  endfacet
  facet normal -2.956562e-01 -8.869686e-01 -3.547874e-01
    outer loop
      vertex -1.387779e-17 2.084103e+00 4.007729e-01
      vertex 4.809275e-01 2.084103e+00 9.714451e-17
      vertex 4.809275e-01 1.763484e+00 8.015458e-01
    endloop
  endfacet
  facet normal -5.182929e-01 -6.047200e-01 6.047200e-01
    outer loop
      vertex -1.042051e+00 2.364644e+00 2.805410e-01
      vertex -4.809275e-01 2.404721e+00 8.015458e-01
      vertex -1.603175e+00 2.885648e+00 3.206183e-01
    endloop
  endfacet
  facet normal -2.683097e-01 -3.577728e-01 8.944320e-01
    outer loop
      vertex -1.042051e+00 2.364644e+00 2.805410e-01
      vertex -1.603175e+00 2.885648e+00 3.206183e-01
      vertex -1.603175e+00 2.084103e+00 9.714451e-17
    endloop
  endfacet
  facet normal 0.000000e+00 -7.071068e-01 7.071068e-01
    outer loop
      vertex -1.042051e+00 2.364644e+00 2.805410e-01
      vertex -1.603175e+00 2.084103e+00 9.714451e-17
      vertex -4.809275e-01 2.084103e+00 9.714451e-17
    endloop
  endfacet
  facet normal -2.683097e-01 -8.944320e-01 3.577728e-01
    outer loop
      vertex -1.042051e+00 2.364644e+00 2.805410e-01
      vertex -4.809275e-01 2.084103e+00 9.714451e-17
      vertex -4.809275e-01 2.404721e+00 8.015458e-01
    endloop
  endfacet
  facet normal -5.547002e-01 1.198179e-16 8.320503e-01
    outer loop
      vertex -2.084102e+00 2.484875e+00 2.081668e-17
      vertex -1.603175e+00 2.885648e+00 3.206183e-01
      vertex -2.565030e+00 2.885648e+00 -3.206183e-01
    endloop
  endfacet
  facet normal -2.956562e-01 3.547874e-01 8.869686e-01
    outer loop
      vertex -2.084102e+00 2.484875e+00 2.081668e-17
      vertex -2.565030e+00 2.885648e+00 -3.206183e-01
      vertex -2.565030e+00 2.084103e+00 9.714451e-17
    endloop
  endfacet
  facet normal 0.000000e+00 1.904516e-16 1.000000e+00
    outer loop
      vertex -2.084102e+00 2.484875e+00 2.081668e-17
      vertex -2.565030e+00 2.084103e+00 9.714451e-17
      vertex -1.603175e+00 2.084103e+00 9.714451e-17
    endloop
  endfacet
  facet normal -2.956562e-01 -3.547874e-01 8.869686e-01
    outer loop
      vertex -2.084102e+00 2.484875e+00 2.081668e-17
      vertex -1.603175e+00 2.084103e+00 9.714451e-17
      vertex -1.603175e+00 2.885648e+00 3.206183e-01
    endloop
  endfacet
  facet normal -5.182929e-01 6.047200e-01 6.047200e-01
    outer loop
      vertex -3.126154e+00 2.364644e+00 -2.805410e-01
      vertex -2.565030e+00 2.885648e+00 -3.206183e-01
      vertex -3.687278e+00 2.404721e+00 -8.015458e-01
    endloop
  endfacet
  facet normal -2.683097e-01 8.944320e-01 3.577728e-01
    outer loop
      vertex -3.126154e+00 2.364644e+00 -2.805410e-01
      vertex -3.687278e+00 2.404721e+00 -8.015458e-01
      vertex -3.687278e+00 2.084103e+00 9.714451e-17
    endloop
  endfacet
  facet normal 0.000000e+00 7.071068e-01 7.071068e-01
    outer loop
      vertex -3.126154e+00 2.364644e+00 -2.805410e-01
      vertex -3.687278e+00 2.084103e+00 9.714451e-17
      vertex -2.565030e+00 2.084103e+00 9.714451e-17
    endloop
  endfacet
  facet normal -2.683097e-01 3.577728e-01 8.944320e-01
    outer loop
      vertex -3.126154e+00 2.364644e+00 -2.805410e-01
      vertex -2.565030e+00 2.084103e+00 9.714451e-17
      vertex -2.565030e+00 2.885648e+00 -3.206183e-01
    endloop
  endfacet
  facet normal -5.547002e-01 8.320503e-01 1.797269e-16
    outer loop
      vertex -4.168205e+00 2.084103e+00 -4.007729e-01
      vertex -3.687278e+00 2.404721e+00 -8.015458e-01
      vertex -4.649132e+00 1.763484e+00 -8.015458e-01
    endloop
  endfacet
  facet normal -2.956562e-01 8.869686e-01 -3.547874e-01
    outer loop
      vertex -4.168205e+00 2.084103e+00 -4.007729e-01
      vertex -4.649132e+00 1.763484e+00 -8.015458e-01
      vertex -4.649132e+00 2.084103e+00 9.714451e-17
    endloop
  endfacet
  facet normal 0.000000e+00 1.000000e+00 -0.000000e+00
    outer loop
      vertex -4.168205e+00 2.084103e+00 -4.007729e-01
      vertex -4.649132e+00 2.084103e+00 9.714451e-17
      vertex -3.687278e+00 2.084103e+00 9.714451e-17
    endloop
  endfacet
  facet normal -2.956562e-01 8.869686e-01 3.547874e-01
    outer loop
      vertex -4.168205e+00 2.084103e+00 -4.007729e-01
      vertex -3.687278e+00 2.084103e+00 9.714451e-17
      vertex -3.687278e+00 2.404721e+00 -8.015458e-01
    endloop
  endfacet
  facet normal -5.182929e-01 6.047200e-01 -6.047200e-01
    outer loop
      vertex -5.210256e+00 1.803561e+00 -2.805410e-01
      vertex -4.649132e+00 1.763484e+00 -8.015458e-01
      vertex -5.771380e+00 1.282557e+00 -3.206183e-01
    endloop
  endfacet
  facet normal -2.683097e-01 3.577728e-01 -8.944320e-01
    outer loop
      vertex -5.210256e+00 1.803561e+00 -2.805410e-01
      vertex -5.771380e+00 1.282557e+00 -3.206183e-01
      vertex -5.771380e+00 2.084103e+00 9.714451e-17
    endloop
  endfacet
  facet normal 0.000000e+00 7.071068e-01 -7.071068e-01
    outer loop
      vertex -5.210256e+00 1.803561e+00 -2.805410e-01
      vertex -5.771380e+00 2.084103e+00 9.714451e-17
      vertex -4.649132e+00 2.084103e+00 9.714451e-17
    endloop
  endfacet
  facet normal -2.683097e-01 8.944320e-01 -3.577728e-01
    outer loop
      vertex -5.210256e+00 1.803561e+00 -2.805410e-01
      vertex -4.649132e+00 2.084103e+00 9.714451e-17
      vertex -4.649132e+00 1.763484e+00 -8.015458e-01
    endloop
  endfacet
  facet normal -5.547002e-01 -5.391807e-16 -8.320503e-01
    outer loop
      vertex -6.252308e+00 1.683330e+00 2.081668e-17
      vertex -5.771380e+00 1.282557e+00 -3.206183e-01
      vertex -6.733235e+00 1.282557e+00 3.206183e-01
    endloop
  endfacet
  facet normal -2.956562e-01 -3.547874e-01 -8.869686e-01
    outer loop
      vertex -6.252308e+00 1.683330e+00 2.081668e-17
      vertex -6.733235e+00 1.282557e+00 3.206183e-01
      vertex -6.733235e+00 2.084103e+00 9.714451e-17
    endloop
  endfacet
  facet normal 0.000000e+00 1.904516e-16 -1.000000e+00
    outer loop
      vertex -6.252308e+00 1.683330e+00 2.081668e-17
      vertex -6.733235e+00 2.084103e+00 9.714451e-17
      vertex -5.771380e+00 2.084103e+00 9.714451e-17
    endloop
  endfacet
  facet normal -2.956562e-01 3.547874e-01 -8.869686e-01
    outer loop
      vertex -6.252308e+00 1.683330e+00 2.081668e-17
      vertex -5.771380e+00 2.084103e+00 9.714451e-17
      vertex -5.771380e+00 1.282557e+00 -3.206183e-01
    endloop
  endfacet
  facet normal 1.198179e-16 -5.547002e-01 -8.320503e-01
    outer loop
      vertex 4.007729e-01 -2.775558e-17 2.084103e+00
      vertex 8.015458e-01 4.809275e-01 1.763484e+00
      vertex 8.015458e-01 -4.809275e-01 2.404721e+00
    endloop
  endfacet
  facet normal 3.547874e-01 -2.956562e-01 -8.869686e-01
    outer loop
      vertex 4.007729e-01 -2.775558e-17 2.084103e+00
      vertex 8.015458e-01 -4.809275e-01 2.404721e+00
      vertex 2.729957e-16 -4.809275e-01 2.084103e+00
    endloop
  endfacet
  facet normal -0.000000e+00 0.000000e+00 -1.000000e+00
    outer loop
      vertex 4.007729e-01 -2.775558e-17 2.084103e+00
      vertex 2.729957e-16 -4.809275e-01 2.084103e+00
      vertex 3.318923e-16 4.809275e-01 2.084103e+00
    endloop
  endfacet
  facet normal -3.547874e-01 -2.956562e-01 -8.869686e-01
    outer loop
      vertex 4.007729e-01 -2.775558e-17 2.084103e+00
      vertex 3.318923e-16 4.809275e-01 2.084103e+00
      vertex 8.015458e-01 4.809275e-01 1.763484e+00
    endloop
  endfacet
  facet normal 6.047200e-01 -5.182929e-01 -6.047200e-01
    outer loop
      vertex 2.805410e-01 -1.042051e+00 2.364644e+00
      vertex 8.015458e-01 -4.809275e-01 2.404721e+00
      vertex 3.206183e-01 -1.603175e+00 2.885648e+00
    endloop
  endfacet
  facet normal 8.944320e-01 -2.683097e-01 -3.577728e-01
    outer loop
      vertex 2.805410e-01 -1.042051e+00 2.364644e+00
      vertex 3.206183e-01 -1.603175e+00 2.885648e+00
      vertex 2.042779e-16 -1.603175e+00 2.084103e+00
    endloop
  endfacet
  facet normal 7.071068e-01 -3.116881e-17 -7.071068e-01
    outer loop
      vertex 2.805410e-01 -1.042051e+00 2.364644e+00
      vertex 2.042779e-16 -1.603175e+00 2.084103e+00
      vertex 2.729957e-16 -4.809275e-01 2.084103e+00
    endloop
  endfacet
  facet normal 3.577728e-01 -2.683097e-01 -8.944320e-01
    outer loop
      vertex 2.805410e-01 -1.042051e+00 2.364644e+00
      vertex 2.729957e-16 -4.809275e-01 2.084103e+00
      vertex 8.015458e-01 -4.809275e-01 2.404721e+00
    endloop
  endfacet
  facet normal 8.320503e-01 -5.547002e-01 1.797269e-16
    outer loop
      vertex 7.353698e-17 -2.084103e+00 2.484875e+00
      vertex 3.206183e-01 -1.603175e+00 2.885648e+00
      vertex -3.206183e-01 -2.565030e+00 2.885648e+00
    endloop
  endfacet
  facet normal 8.869686e-01 -2.956562e-01 3.547874e-01
    outer loop
      vertex 7.353698e-17 -2.084103e+00 2.484875e+00
      vertex -3.206183e-01 -2.565030e+00 2.885648e+00
      vertex 1.453812e-16 -2.565030e+00 2.084103e+00
    endloop
  endfacet
  facet normal 1.000000e+00 -6.123234e-17 2.527430e-16
    outer loop
      vertex 7.353698e-17 -2.084103e+00 2.484875e+00
      vertex 1.453812e-16 -2.565030e+00 2.084103e+00
      vertex 2.042779e-16 -1.603175e+00 2.084103e+00
    endloop
  endfacet
  facet normal 8.869686e-01 -2.956562e-01 -3.547874e-01
    outer loop
      vertex 7.353698e-17 -2.084103e+00 2.484875e+00
