solid surface_model
  facet normal 4.526884e-01 8.148076e-01 3.621627e-01
    outer loop
      vertex 1.984697e+00 1.984697e+00 1.984697e+00
      vertex 5.103296e-01 2.551770e+00 2.551770e+00
      vertex 1.020720e+00 2.041380e+00 3.062100e+00
    endloop
  endfacet
  facet normal 6.075519e-01 6.075519e-01 5.116263e-01
    outer loop
      vertex 1.984697e+00 1.984697e+00 1.984697e+00
      vertex 1.020720e+00 2.041380e+00 3.062100e+00
      vertex 2.041380e+00 1.020720e+00 3.062100e+00
    endloop
  endfacet
  facet normal 8.148076e-01 4.526884e-01 3.621627e-01
    outer loop
      vertex 1.984697e+00 1.984697e+00 1.984697e+00
      vertex 2.041380e+00 1.020720e+00 3.062100e+00
      vertex 2.551770e+00 5.103296e-01 2.551770e+00
    endloop
  endfacet
  facet normal 3.621627e-01 4.526884e-01 8.148076e-01
    outer loop
      vertex 1.984697e+00 1.984697e+00 1.984697e+00
      vertex 2.551770e+00 5.103296e-01 2.551770e+00
      vertex 3.062100e+00 1.020720e+00 2.041380e+00
    endloop
  endfacet
  facet normal 5.116263e-01 6.075519e-01 6.075519e-01
    outer loop
      vertex 1.984697e+00 1.984697e+00 1.984697e+00
      vertex 3.062100e+00 1.020720e+00 2.041380e+00
      vertex 3.062100e+00 2.041380e+00 1.020720e+00
    endloop
  endfacet
  facet normal 3.621627e-01 8.148076e-01 4.526884e-01
    outer loop
      vertex 1.984697e+00 1.984697e+00 1.984697e+00
      vertex 3.062100e+00 2.041380e+00 1.020720e+00
      vertex 2.551770e+00 2.551770e+00 5.103296e-01
    endloop
  endfacet
  facet normal 8.148076e-01 3.621627e-01 4.526884e-01
    outer loop
      vertex 1.984697e+00 1.984697e+00 1.984697e+00
      vertex 2.551770e+00 2.551770e+00 5.103296e-01
      vertex 2.041380e+00 3.062100e+00 1.020720e+00
    endloop
  endfacet
  facet normal 6.075519e-01 5.116263e-01 6.075519e-01
    outer loop
      vertex 1.984697e+00 1.984697e+00 1.984697e+00
      vertex 2.041380e+00 3.062100e+00 1.020720e+00
      vertex 1.020720e+00 3.062100e+00 2.041380e+00
    endloop
  endfacet
  facet normal 4.526884e-01 3.621627e-01 8.148076e-01
    outer loop
      vertex 1.984697e+00 1.984697e+00 1.984697e+00
      vertex 1.020720e+00 3.062100e+00 2.041380e+00
      vertex 5.103296e-01 2.551770e+00 2.551770e+00
    endloop
  endfacet
  facet normal 2.672693e-01 8.017597e-01 5.345546e-01
    outer loop
      vertex 1.110223e-16 2.381640e+00 3.062100e+00
      vertex 1.020720e+00 2.041380e+00 3.062100e+00
      vertex 5.103296e-01 2.551770e+00 2.551770e+00
    endloop
  endfacet
  facet normal 0.000000e+00 9.486719e-01 3.162619e-01
    outer loop
      vertex 1.110223e-16 2.381640e+00 3.062100e+00
      vertex 5.103296e-01 2.551770e+00 2.551770e+00
      vertex -5.103296e-01 2.551770e+00 2.551770e+00
    endloop
  endfacet
  facet normal -2.672693e-01 8.017597e-01 5.345546e-01
    outer loop
      vertex 1.110223e-16 2.381640e+00 3.062100e+00
      vertex -5.103296e-01 2.551770e+00 2.551770e+00
      vertex -1.020720e+00 2.041380e+00 3.062100e+00
    endloop
  endfacet
  facet normal -2.672693e-01 8.017597e-01 -5.345546e-01
    outer loop
      vertex 1.110223e-16 2.381640e+00 3.062100e+00
      vertex -1.020720e+00 2.041380e+00 3.062100e+00
      vertex -5.103296e-01 2.551770e+00 3.572430e+00
    endloop
  endfacet
  facet normal 0.000000e+00 9.486719e-01 -3.162619e-01
    outer loop
      vertex 1.110223e-16 2.381640e+00 3.062100e+00
      vertex -5.103296e-01 2.551770e+00 3.572430e+00
      vertex 5.103296e-01 2.551770e+00 3.572430e+00
    endloop
  endfacet
  facet normal 2.672693e-01 8.017597e-01 -5.345546e-01
    outer loop
      vertex 1.110223e-16 2.381640e+00 3.062100e+00
      vertex 5.103296e-01 2.551770e+00 3.572430e+00
      vertex 1.020720e+00 2.041380e+00 3.062100e+00
    endloop
  endfacet
  facet normal 2.672693e-01 5.345546e-01 8.017597e-01
    outer loop
      vertex 1.480297e-16 3.062100e+00 2.381640e+00
      vertex 5.103296e-01 2.551770e+00 2.551770e+00
      vertex 1.020720e+00 3.062100e+00 2.041380e+00
    endloop
  endfacet
  facet normal 2.672693e-01 -5.345546e-01 8.017597e-01
    outer loop
      vertex 1.480297e-16 3.062100e+00 2.381640e+00
      vertex 1.020720e+00 3.062100e+00 2.041380e+00
      vertex 5.103296e-01 3.572430e+00 2.551770e+00
    endloop
  endfacet
  facet normal 0.000000e+00 -3.162619e-01 9.486719e-01
    outer loop
      vertex 1.480297e-16 3.062100e+00 2.381640e+00
      vertex 5.103296e-01 3.572430e+00 2.551770e+00
      vertex -5.103296e-01 3.572430e+00 2.551770e+00
    endloop
  endfacet
  facet normal -2.672693e-01 -5.345546e-01 8.017597e-01
    outer loop
      vertex 1.480297e-16 3.062100e+00 2.381640e+00
      vertex -5.103296e-01 3.572430e+00 2.551770e+00
      vertex -1.020720e+00 3.062100e+00 2.041380e+00
    endloop
  endfacet
  facet normal -2.672693e-01 5.345546e-01 8.017597e-01
    outer loop
      vertex 1.480297e-16 3.062100e+00 2.381640e+00
      vertex -1.020720e+00 3.062100e+00 2.041380e+00
      vertex -5.103296e-01 2.551770e+00 2.551770e+00
    endloop
  endfacet
  facet normal 0.000000e+00 3.162619e-01 9.486719e-01
    outer loop
      vertex 1.480297e-16 3.062100e+00 2.381640e+00
      vertex -5.103296e-01 2.551770e+00 2.551770e+00
      vertex 5.103296e-01 2.551770e+00 2.551770e+00
    endloop
  endfacet
  facet normal 8.017597e-01 2.672693e-01 5.345546e-01
    outer loop
      vertex 2.381640e+00 0.000000e+00 3.062100e+00
      vertex 2.551770e+00 5.103296e-01 2.551770e+00
      vertex 2.041380e+00 1.020720e+00 3.062100e+00
    endloop
  endfacet
  facet normal 8.017597e-01 2.672693e-01 -5.345546e-01
    outer loop
      vertex 2.381640e+00 0.000000e+00 3.062100e+00
      vertex 2.041380e+00 1.020720e+00 3.062100e+00
      vertex 2.551770e+00 5.103296e-01 3.572430e+00
    endloop
  endfacet
  facet normal 9.486719e-01 0.000000e+00 -3.162619e-01
    outer loop
      vertex 2.381640e+00 0.000000e+00 3.062100e+00
      vertex 2.551770e+00 5.103296e-01 3.572430e+00
      vertex 2.551770e+00 -5.103296e-01 3.572430e+00
    endloop
  endfacet
  facet normal 8.017597e-01 -2.672693e-01 -5.345546e-01
    outer loop
      vertex 2.381640e+00 0.000000e+00 3.062100e+00
      vertex 2.551770e+00 -5.103296e-01 3.572430e+00
      vertex 2.041380e+00 -1.020720e+00 3.062100e+00
    endloop
  endfacet
  facet normal 8.017597e-01 -2.672693e-01 5.345546e-01
    outer loop
      vertex 2.381640e+00 0.000000e+00 3.062100e+00
      vertex 2.041380e+00 -1.020720e+00 3.062100e+00
      vertex 2.551770e+00 -5.103296e-01 2.551770e+00
    endloop
  endfacet
  facet normal 9.486719e-01 0.000000e+00 3.162619e-01
    outer loop
      vertex 2.381640e+00 0.000000e+00 3.062100e+00
      vertex 2.551770e+00 -5.103296e-01 2.551770e+00
      vertex 2.551770e+00 5.103296e-01 2.551770e+00
    endloop
  endfacet
  facet normal 5.345546e-01 2.672693e-01 8.017597e-01
    outer loop
      vertex 3.062100e+00 0.000000e+00 2.381640e+00
      vertex 3.062100e+00 1.020720e+00 2.041380e+00
      vertex 2.551770e+00 5.103296e-01 2.551770e+00
    endloop
  endfacet
  facet normal 3.162619e-01 0.000000e+00 9.486719e-01
    outer loop
      vertex 3.062100e+00 0.000000e+00 2.381640e+00
      vertex 2.551770e+00 5.103296e-01 2.551770e+00
      vertex 2.551770e+00 -5.103296e-01 2.551770e+00
    endloop
  endfacet
  facet normal 5.345546e-01 -2.672693e-01 8.017597e-01
    outer loop
      vertex 3.062100e+00 0.000000e+00 2.381640e+00
      vertex 2.551770e+00 -5.103296e-01 2.551770e+00
      vertex 3.062100e+00 -1.020720e+00 2.041380e+00
    endloop
  endfacet
  facet normal -5.345546e-01 -2.672693e-01 8.017597e-01
    outer loop
      vertex 3.062100e+00 0.000000e+00 2.381640e+00
      vertex 3.062100e+00 -1.020720e+00 2.041380e+00
      vertex 3.572430e+00 -5.103296e-01 2.551770e+00
    endloop
  endfacet
  facet normal -3.162619e-01 0.000000e+00 9.486719e-01
    outer loop
      vertex 3.062100e+00 0.000000e+00 2.381640e+00
      vertex 3.572430e+00 -5.103296e-01 2.551770e+00
      vertex 3.572430e+00 5.103296e-01 2.551770e+00
    endloop
  endfacet
  facet normal -5.345546e-01 2.672693e-01 8.017597e-01
    outer loop
      vertex 3.062100e+00 0.000000e+00 2.381640e+00
      vertex 3.572430e+00 5.103296e-01 2.551770e+00
      vertex 3.062100e+00 1.020720e+00 2.041380e+00
    endloop
  endfacet
  facet normal 8.017597e-01 5.345546e-01 2.672693e-01
    outer loop
      vertex 2.381640e+00 3.062100e+00 -9.251859e-17
      vertex 2.041380e+00 3.062100e+00 1.020720e+00
      vertex 2.551770e+00 2.551770e+00 5.103296e-01
    endloop
  endfacet
  facet normal 9.486719e-01 3.162619e-01 0.000000e+00
    outer loop
      vertex 2.381640e+00 3.062100e+00 -9.251859e-17
      vertex 2.551770e+00 2.551770e+00 5.103296e-01
      vertex 2.551770e+00 2.551770e+00 -5.103296e-01
    endloop
  endfacet
  facet normal 8.017597e-01 5.345546e-01 -2.672693e-01
    outer loop
      vertex 2.381640e+00 3.062100e+00 -9.251859e-17
      vertex 2.551770e+00 2.551770e+00 -5.103296e-01
      vertex 2.041380e+00 3.062100e+00 -1.020720e+00
    endloop
  endfacet
  facet normal 8.017597e-01 -5.345546e-01 -2.672693e-01
    outer loop
      vertex 2.381640e+00 3.062100e+00 -9.251859e-17
      vertex 2.041380e+00 3.062100e+00 -1.020720e+00
      vertex 2.551770e+00 3.572430e+00 -5.103296e-01
    endloop
  endfacet
  facet normal 9.486719e-01 -3.162619e-01 0.000000e+00
    outer loop
      vertex 2.381640e+00 3.062100e+00 -9.251859e-17
      vertex 2.551770e+00 3.572430e+00 -5.103296e-01
      vertex 2.551770e+00 3.572430e+00 5.103296e-01
    endloop
  endfacet
  facet normal 8.017597e-01 -5.345546e-01 2.672693e-01
    outer loop
      vertex 2.381640e+00 3.062100e+00 -9.251859e-17
      vertex 2.551770e+00 3.572430e+00 5.103296e-01
      vertex 2.041380e+00 3.062100e+00 1.020720e+00
    endloop
  endfacet
  facet normal 5.345546e-01 8.017597e-01 2.672693e-01
    outer loop
      vertex 3.062100e+00 2.381640e+00 -7.401487e-17
      vertex 2.551770e+00 2.551770e+00 5.103296e-01
      vertex 3.062100e+00 2.041380e+00 1.020720e+00
    endloop
  endfacet
  facet normal -5.345546e-01 8.017597e-01 2.672693e-01
    outer loop
      vertex 3.062100e+00 2.381640e+00 -7.401487e-17
      vertex 3.062100e+00 2.041380e+00 1.020720e+00
      vertex 3.572430e+00 2.551770e+00 5.103296e-01
    endloop
  endfacet
  facet normal -3.162619e-01 9.486719e-01 0.000000e+00
    outer loop
      vertex 3.062100e+00 2.381640e+00 -7.401487e-17
      vertex 3.572430e+00 2.551770e+00 5.103296e-01
      vertex 3.572430e+00 2.551770e+00 -5.103296e-01
    endloop
  endfacet
  facet normal -5.345546e-01 8.017597e-01 -2.672693e-01
    outer loop
      vertex 3.062100e+00 2.381640e+00 -7.401487e-17
      vertex 3.572430e+00 2.551770e+00 -5.103296e-01
      vertex 3.062100e+00 2.041380e+00 -1.020720e+00
    endloop
  endfacet
  facet normal 5.345546e-01 8.017597e-01 -2.672693e-01
    outer loop
      vertex 3.062100e+00 2.381640e+00 -7.401487e-17
      vertex 3.062100e+00 2.041380e+00 -1.020720e+00
      vertex 2.551770e+00 2.551770e+00 -5.103296e-01
    endloop
  endfacet
  facet normal 3.162619e-01 9.486719e-01 0.000000e+00
    outer loop
      vertex 3.062100e+00 2.381640e+00 -7.401487e-17
      vertex 2.551770e+00 2.551770e+00 -5.103296e-01
      vertex 2.551770e+00 2.551770e+00 5.103296e-01
    endloop
  endfacet
  facet normal 4.526884e-01 8.148076e-01 -3.621627e-01
    outer loop
      vertex 1.984697e+00 1.984697e+00 4.139503e+00
      vertex 1.020720e+00 2.041380e+00 3.062100e+00
      vertex 5.103296e-01 2.551770e+00 3.572430e+00
    endloop
  endfacet
  facet normal 4.526884e-01 3.621627e-01 -8.148076e-01
    outer loop
      vertex 1.984697e+00 1.984697e+00 4.139503e+00
      vertex 5.103296e-01 2.551770e+00 3.572430e+00
      vertex 1.020720e+00 3.062100e+00 4.082820e+00
    endloop
  endfacet
  facet normal 6.075519e-01 5.116263e-01 -6.075519e-01
    outer loop
      vertex 1.984697e+00 1.984697e+00 4.139503e+00
      vertex 1.020720e+00 3.062100e+00 4.082820e+00
      vertex 2.041380e+00 3.062100e+00 5.103480e+00
    endloop
  endfacet
  facet normal 8.148076e-01 3.621627e-01 -4.526884e-01
    outer loop
      vertex 1.984697e+00 1.984697e+00 4.139503e+00
      vertex 2.041380e+00 3.062100e+00 5.103480e+00
      vertex 2.551770e+00 2.551770e+00 5.613870e+00
    endloop
  endfacet
  facet normal 3.621627e-01 8.148076e-01 -4.526884e-01
    outer loop
      vertex 1.984697e+00 1.984697e+00 4.139503e+00
      vertex 2.551770e+00 2.551770e+00 5.613870e+00
      vertex 3.062100e+00 2.041380e+00 5.103480e+00
    endloop
  endfacet
  facet normal 5.116263e-01 6.075519e-01 -6.075519e-01
    outer loop
      vertex 1.984697e+00 1.984697e+00 4.139503e+00
      vertex 3.062100e+00 2.041380e+00 5.103480e+00
      vertex 3.062100e+00 1.020720e+00 4.082820e+00
    endloop
  endfacet
  facet normal 3.621627e-01 4.526884e-01 -8.148076e-01
    outer loop
      vertex 1.984697e+00 1.984697e+00 4.139503e+00
      vertex 3.062100e+00 1.020720e+00 4.082820e+00
      vertex 2.551770e+00 5.103296e-01 3.572430e+00
    endloop
  endfacet
  facet normal 8.148076e-01 4.526884e-01 -3.621627e-01
    outer loop
      vertex 1.984697e+00 1.984697e+00 4.139503e+00
      vertex 2.551770e+00 5.103296e-01 3.572430e+00
      vertex 2.041380e+00 1.020720e+00 3.062100e+00
    endloop
  endfacet
  facet normal 6.075519e-01 6.075519e-01 -5.116263e-01
    outer loop
      vertex 1.984697e+00 1.984697e+00 4.139503e+00
      vertex 2.041380e+00 1.020720e+00 3.062100e+00
      vertex 1.020720e+00 2.041380e+00 3.062100e+00
    endloop
  endfacet
  facet normal 2.672693e-01 5.345546e-01 -8.017597e-01
    outer loop
      vertex 1.295260e-16 3.062100e+00 3.742560e+00
      vertex 1.020720e+00 3.062100e+00 4.082820e+00
      vertex 5.103296e-01 2.551770e+00 3.572430e+00
    endloop
  endfacet
  facet normal 0.000000e+00 3.162619e-01 -9.486719e-01
    outer loop
      vertex 1.295260e-16 3.062100e+00 3.742560e+00
      vertex 5.103296e-01 2.551770e+00 3.572430e+00
      vertex -5.103296e-01 2.551770e+00 3.572430e+00
    endloop
  endfacet
  facet normal -2.672693e-01 5.345546e-01 -8.017597e-01
    outer loop
      vertex 1.295260e-16 3.062100e+00 3.742560e+00
      vertex -5.103296e-01 2.551770e+00 3.572430e+00
      vertex -1.020720e+00 3.062100e+00 4.082820e+00
    endloop
  endfacet
  facet normal -2.672693e-01 -5.345546e-01 -8.017597e-01
    outer loop
      vertex 1.295260e-16 3.062100e+00 3.742560e+00
      vertex -1.020720e+00 3.062100e+00 4.082820e+00
      vertex -5.103296e-01 3.572430e+00 3.572430e+00
    endloop
  endfacet
  facet normal 0.000000e+00 -3.162619e-01 -9.486719e-01
    outer loop
      vertex 1.295260e-16 3.062100e+00 3.742560e+00
      vertex -5.103296e-01 3.572430e+00 3.572430e+00
      vertex 5.103296e-01 3.572430e+00 3.572430e+00
    endloop
  endfacet
  facet normal 2.672693e-01 -5.345546e-01 -8.017597e-01
    outer loop
      vertex 1.295260e-16 3.062100e+00 3.742560e+00
      vertex 5.103296e-01 3.572430e+00 3.572430e+00
      vertex 1.020720e+00 3.062100e+00 4.082820e+00
    endloop
  endfacet
  facet normal 4.526884e-01 -3.621627e-01 8.148076e-01
    outer loop
      vertex 1.984697e+00 4.139503e+00 1.984697e+00
      vertex 5.103296e-01 3.572430e+00 2.551770e+00
      vertex 1.020720e+00 3.062100e+00 2.041380e+00
    endloop
  endfacet
  facet normal 6.075519e-01 -5.116263e-01 6.075519e-01
    outer loop
      vertex 1.984697e+00 4.139503e+00 1.984697e+00
      vertex 1.020720e+00 3.062100e+00 2.041380e+00
      vertex 2.041380e+00 3.062100e+00 1.020720e+00
    endloop
  endfacet
  facet normal 8.148076e-01 -3.621627e-01 4.526884e-01
    outer loop
      vertex 1.984697e+00 4.139503e+00 1.984697e+00
      vertex 2.041380e+00 3.062100e+00 1.020720e+00
      vertex 2.551770e+00 3.572430e+00 5.103296e-01
    endloop
  endfacet
  facet normal 3.621627e-01 -8.148076e-01 4.526884e-01
    outer loop
      vertex 1.984697e+00 4.139503e+00 1.984697e+00
      vertex 2.551770e+00 3.572430e+00 5.103296e-01
      vertex 3.062100e+00 4.082820e+00 1.020720e+00
    endloop
  endfacet
  facet normal 5.116263e-01 -6.075519e-01 6.075519e-01
    outer loop
      vertex 1.984697e+00 4.139503e+00 1.984697e+00
      vertex 3.062100e+00 4.082820e+00 1.020720e+00
      vertex 3.062100e+00 5.103480e+00 2.041380e+00
    endloop
  endfacet
  facet normal 3.621627e-01 -4.526884e-01 8.148076e-01
    outer loop
      vertex 1.984697e+00 4.139503e+00 1.984697e+00
      vertex 3.062100e+00 5.103480e+00 2.041380e+00
      vertex 2.551770e+00 5.613870e+00 2.551770e+00
    endloop
  endfacet
  facet normal 8.148076e-01 -4.526884e-01 3.621627e-01
    outer loop
      vertex 1.984697e+00 4.139503e+00 1.984697e+00
      vertex 2.551770e+00 5.613870e+00 2.551770e+00
      vertex 2.041380e+00 5.103480e+00 3.062100e+00
    endloop
  endfacet
  facet normal 6.075519e-01 -6.075519e-01 5.116263e-01
    outer loop
      vertex 1.984697e+00 4.139503e+00 1.984697e+00
      vertex 2.041380e+00 5.103480e+00 3.062100e+00
      vertex 1.020720e+00 4.082820e+00 3.062100e+00
    endloop
  endfacet
  facet normal 4.526884e-01 -8.148076e-01 3.621627e-01
    outer loop
      vertex 1.984697e+00 4.139503e+00 1.984697e+00
      vertex 1.020720e+00 4.082820e+00 3.062100e+00
      vertex 5.103296e-01 3.572430e+00 2.551770e+00
    endloop
  endfacet
  facet normal 2.672693e-01 -8.017597e-01 5.345546e-01
    outer loop
      vertex 1.480297e-16 3.742560e+00 3.062100e+00
      vertex 5.103296e-01 3.572430e+00 2.551770e+00
      vertex 1.020720e+00 4.082820e+00 3.062100e+00
    endloop
  endfacet
  facet normal 2.672693e-01 -8.017597e-01 -5.345546e-01
    outer loop
      vertex 1.480297e-16 3.742560e+00 3.062100e+00
      vertex 1.020720e+00 4.082820e+00 3.062100e+00
      vertex 5.103296e-01 3.572430e+00 3.572430e+00
    endloop
  endfacet
  facet normal 0.000000e+00 -9.486719e-01 -3.162619e-01
    outer loop
      vertex 1.480297e-16 3.742560e+00 3.062100e+00
      vertex 5.103296e-01 3.572430e+00 3.572430e+00
      vertex -5.103296e-01 3.572430e+00 3.572430e+00
    endloop
  endfacet
  facet normal -2.672693e-01 -8.017597e-01 -5.345546e-01
    outer loop
      vertex 1.480297e-16 3.742560e+00 3.062100e+00
      vertex -5.103296e-01 3.572430e+00 3.572430e+00
      vertex -1.020720e+00 4.082820e+00 3.062100e+00
    endloop
  endfacet
  facet normal -2.672693e-01 -8.017597e-01 5.345546e-01
    outer loop
      vertex 1.480297e-16 3.742560e+00 3.062100e+00
      vertex -1.020720e+00 4.082820e+00 3.062100e+00
      vertex -5.103296e-01 3.572430e+00 2.551770e+00
    endloop
  endfacet
  facet normal 0.000000e+00 -9.486719e-01 3.162619e-01
    outer loop
      vertex 1.480297e-16 3.742560e+00 3.062100e+00
      vertex -5.103296e-01 3.572430e+00 2.551770e+00
      vertex 5.103296e-01 3.572430e+00 2.551770e+00
    endloop
  endfacet
  facet normal 5.345546e-01 2.672693e-01 -8.017597e-01
    outer loop
      vertex 3.062100e+00 0.000000e+00 3.742560e+00
      vertex 2.551770e+00 5.103296e-01 3.572430e+00
      vertex 3.062100e+00 1.020720e+00 4.082820e+00
    endloop
  endfacet
  facet normal -5.345546e-01 2.672693e-01 -8.017597e-01
    outer loop
      vertex 3.062100e+00 0.000000e+00 3.742560e+00
      vertex 3.062100e+00 1.020720e+00 4.082820e+00
      vertex 3.572430e+00 5.103296e-01 3.572430e+00
    endloop
  endfacet
  facet normal -3.162619e-01 0.000000e+00 -9.486719e-01
    outer loop
      vertex 3.062100e+00 0.000000e+00 3.742560e+00
      vertex 3.572430e+00 5.103296e-01 3.572430e+00
      vertex 3.572430e+00 -5.103296e-01 3.572430e+00
    endloop
  endfacet
  facet normal -5.345546e-01 -2.672693e-01 -8.017597e-01
    outer loop
      vertex 3.062100e+00 0.000000e+00 3.742560e+00
      vertex 3.572430e+00 -5.103296e-01 3.572430e+00
      vertex 3.062100e+00 -1.020720e+00 4.082820e+00
    endloop
  endfacet
  facet normal 5.345546e-01 -2.672693e-01 -8.017597e-01
    outer loop
      vertex 3.062100e+00 0.000000e+00 3.742560e+00
      vertex 3.062100e+00 -1.020720e+00 4.082820e+00
      vertex 2.551770e+00 -5.103296e-01 3.572430e+00
    endloop
  endfacet
  facet normal 3.162619e-01 0.000000e+00 -9.486719e-01
    outer loop
      vertex 3.062100e+00 0.000000e+00 3.742560e+00
      vertex 2.551770e+00 -5.103296e-01 3.572430e+00
      vertex 2.551770e+00 5.103296e-01 3.572430e+00
    endloop
  endfacet
  facet normal 5.345546e-01 -8.017597e-01 2.672693e-01
    outer loop
      vertex 3.062100e+00 3.742560e+00 -9.251859e-17
      vertex 3.062100e+00 4.082820e+00 1.020720e+00
      vertex 2.551770e+00 3.572430e+00 5.103296e-01
    endloop
  endfacet
  facet normal 3.162619e-01 -9.486719e-01 0.000000e+00
    outer loop
      vertex 3.062100e+00 3.742560e+00 -9.251859e-17
      vertex 2.551770e+00 3.572430e+00 5.103296e-01
      vertex 2.551770e+00 3.572430e+00 -5.103296e-01
    endloop
  endfacet
  facet normal 5.345546e-01 -8.017597e-01 -2.672693e-01
    outer loop
      vertex 3.062100e+00 3.742560e+00 -9.251859e-17
      vertex 2.551770e+00 3.572430e+00 -5.103296e-01
      vertex 3.062100e+00 4.082820e+00 -1.020720e+00
    endloop
  endfacet
  facet normal -5.345546e-01 -8.017597e-01 -2.672693e-01
    outer loop
      vertex 3.062100e+00 3.742560e+00 -9.251859e-17
      vertex 3.062100e+00 4.082820e+00 -1.020720e+00
      vertex 3.572430e+00 3.572430e+00 -5.103296e-01
    endloop
  endfacet
  facet normal -3.162619e-01 -9.486719e-01 0.000000e+00
    outer loop
      vertex 3.062100e+00 3.742560e+00 -9.251859e-17
      vertex 3.572430e+00 3.572430e+00 -5.103296e-01
      vertex 3.572430e+00 3.572430e+00 5.103296e-01
    endloop
  endfacet
  facet normal -5.345546e-01 -8.017597e-01 2.672693e-01
    outer loop
      vertex 3.062100e+00 3.742560e+00 -9.251859e-17
      vertex 3.572430e+00 3.572430e+00 5.103296e-01
      vertex 3.062100e+00 4.082820e+00 1.020720e+00
    endloop
  endfacet
  facet normal -3.621627e-01 4.526884e-01 8.148076e-01
    outer loop
      vertex 4.139503e+00 1.984697e+00 1.984697e+00
      vertex 3.062100e+00 1.020720e+00 2.041380e+00
      vertex 3.572430e+00 5.103296e-01 2.551770e+00
    endloop
  endfacet
  facet normal -8.148076e-01 4.526884e-01 3.621627e-01
    outer loop
      vertex 4.139503e+00 1.984697e+00 1.984697e+00
      vertex 3.572430e+00 5.103296e-01 2.551770e+00
      vertex 4.082820e+00 1.020720e+00 3.062100e+00
    endloop
  endfacet
  facet normal -6.075519e-01 6.075519e-01 5.116263e-01
    outer loop
      vertex 4.139503e+00 1.984697e+00 1.984697e+00
      vertex 4.082820e+00 1.020720e+00 3.062100e+00
      vertex 5.103480e+00 2.041380e+00 3.062100e+00
    endloop
  endfacet
  facet normal -4.526884e-01 8.148076e-01 3.621627e-01
    outer loop
      vertex 4.139503e+00 1.984697e+00 1.984697e+00
      vertex 5.103480e+00 2.041380e+00 3.062100e+00
      vertex 5.613870e+00 2.551770e+00 2.551770e+00
    endloop
  endfacet
  facet normal -4.526884e-01 3.621627e-01 8.148076e-01
    outer loop
      vertex 4.139503e+00 1.984697e+00 1.984697e+00
      vertex 5.613870e+00 2.551770e+00 2.551770e+00
      vertex 5.103480e+00 3.062100e+00 2.041380e+00
    endloop
  endfacet
  facet normal -6.075519e-01 5.116263e-01 6.075519e-01
    outer loop
      vertex 4.139503e+00 1.984697e+00 1.984697e+00
      vertex 5.103480e+00 3.062100e+00 2.041380e+00
      vertex 4.082820e+00 3.062100e+00 1.020720e+00
    endloop
  endfacet
  facet normal -8.148076e-01 3.621627e-01 4.526884e-01
    outer loop
      vertex 4.139503e+00 1.984697e+00 1.984697e+00
      vertex 4.082820e+00 3.062100e+00 1.020720e+00
      vertex 3.572430e+00 2.551770e+00 5.103296e-01
    endloop
  endfacet
  facet normal -3.621627e-01 8.148076e-01 4.526884e-01
    outer loop
      vertex 4.139503e+00 1.984697e+00 1.984697e+00
      vertex 3.572430e+00 2.551770e+00 5.103296e-01
      vertex 3.062100e+00 2.041380e+00 1.020720e+00
    endloop
  endfacet
  facet normal -5.116263e-01 6.075519e-01 6.075519e-01
    outer loop
      vertex 4.139503e+00 1.984697e+00 1.984697e+00
      vertex 3.062100e+00 2.041380e+00 1.020720e+00
      vertex 3.062100e+00 1.020720e+00 2.041380e+00
    endloop
  endfacet
  facet normal -8.017597e-01 2.672693e-01 5.345546e-01
    outer loop
      vertex 3.742560e+00 1.850372e-17 3.062100e+00
      vertex 4.082820e+00 1.020720e+00 3.062100e+00
      vertex 3.572430e+00 5.103296e-01 2.551770e+00
    endloop
  endfacet
  facet normal -9.486719e-01 0.000000e+00 3.162619e-01
    outer loop
      vertex 3.742560e+00 1.850372e-17 3.062100e+00
      vertex 3.572430e+00 5.103296e-01 2.551770e+00
      vertex 3.572430e+00 -5.103296e-01 2.551770e+00
    endloop
  endfacet
  facet normal -8.017597e-01 -2.672693e-01 5.345546e-01
    outer loop
      vertex 3.742560e+00 1.850372e-17 3.062100e+00
      vertex 3.572430e+00 -5.103296e-01 2.551770e+00
      vertex 4.082820e+00 -1.020720e+00 3.062100e+00
    endloop
  endfacet
  facet normal -8.017597e-01 -2.672693e-01 -5.345546e-01
    outer loop
      vertex 3.742560e+00 1.850372e-17 3.062100e+00
      vertex 4.082820e+00 -1.020720e+00 3.062100e+00
      vertex 3.572430e+00 -5.103296e-01 3.572430e+00
    endloop
  endfacet
  facet normal -9.486719e-01 0.000000e+00 -3.162619e-01
    outer loop
      vertex 3.742560e+00 1.850372e-17 3.062100e+00
      vertex 3.572430e+00 -5.103296e-01 3.572430e+00
      vertex 3.572430e+00 5.103296e-01 3.572430e+00
    endloop
  endfacet
  facet normal -8.017597e-01 2.672693e-01 -5.345546e-01
    outer loop
      vertex 3.742560e+00 1.850372e-17 3.062100e+00
      vertex 3.572430e+00 5.103296e-01 3.572430e+00
      vertex 4.082820e+00 1.020720e+00 3.062100e+00
    endloop
  endfacet
  facet normal -8.017597e-01 5.345546e-01 2.672693e-01
    outer loop
      vertex 3.742560e+00 3.062100e+00 -7.401487e-17
      vertex 3.572430e+00 2.551770e+00 5.103296e-01
      vertex 4.082820e+00 3.062100e+00 1.020720e+00
    endloop
  endfacet
  facet normal -8.017597e-01 -5.345546e-01 2.672693e-01
    outer loop
      vertex 3.742560e+00 3.062100e+00 -7.401487e-17
      vertex 4.082820e+00 3.062100e+00 1.020720e+00
      vertex 3.572430e+00 3.572430e+00 5.103296e-01
    endloop
  endfacet
  facet normal -9.486719e-01 -3.162619e-01 0.000000e+00
    outer loop
      vertex 3.742560e+00 3.062100e+00 -7.401487e-17
      vertex 3.572430e+00 3.572430e+00 5.103296e-01
      vertex 3.572430e+00 3.572430e+00 -5.103296e-01
    endloop
  endfacet
  facet normal -8.017597e-01 -5.345546e-01 -2.672693e-01
    outer loop
      vertex 3.742560e+00 3.062100e+00 -7.401487e-17
      vertex 3.572430e+00 3.572430e+00 -5.103296e-01
      vertex 4.082820e+00 3.062100e+00 -1.020720e+00
    endloop
  endfacet
  facet normal -8.017597e-01 5.345546e-01 -2.672693e-01
    outer loop
      vertex 3.742560e+00 3.062100e+00 -7.401487e-17
      vertex 4.082820e+00 3.062100e+00 -1.020720e+00
      vertex 3.572430e+00 2.551770e+00 -5.103296e-01
    endloop
  endfacet
  facet normal -9.486719e-01 3.162619e-01 0.000000e+00
    outer loop
      vertex 3.742560e+00 3.062100e+00 -7.401487e-17
      vertex 3.572430e+00 2.551770e+00 -5.103296e-01
      vertex 3.572430e+00 2.551770e+00 5.103296e-01
    endloop
  endfacet
  facet normal 4.526884e-01 -3.621627e-01 -8.148076e-01
    outer loop
      vertex 1.984697e+00 4.139503e+00 4.139503e+00
      vertex 1.020720e+00 3.062100e+00 4.082820e+00
      vertex 5.103296e-01 3.572430e+00 3.572430e+00
    endloop
  endfacet
  facet normal 4.526884e-01 -8.148076e-01 -3.621627e-01
    outer loop
      vertex 1.984697e+00 4.139503e+00 4.139503e+00
      vertex 5.103296e-01 3.572430e+00 3.572430e+00
      vertex 1.020720e+00 4.082820e+00 3.062100e+00
    endloop
  endfacet
  facet normal 6.075519e-01 -6.075519e-01 -5.116263e-01
    outer loop
      vertex 1.984697e+00 4.139503e+00 4.139503e+00
      vertex 1.020720e+00 4.082820e+00 3.062100e+00
      vertex 2.041380e+00 5.103480e+00 3.062100e+00
    endloop
  endfacet
  facet normal 8.148076e-01 -4.526884e-01 -3.621627e-01
    outer loop
      vertex 1.984697e+00 4.139503e+00 4.139503e+00
      vertex 2.041380e+00 5.103480e+00 3.062100e+00
      vertex 2.551770e+00 5.613870e+00 3.572430e+00
    endloop
  endfacet
  facet normal 3.621627e-01 -4.526884e-01 -8.148076e-01
    outer loop
      vertex 1.984697e+00 4.139503e+00 4.139503e+00
      vertex 2.551770e+00 5.613870e+00 3.572430e+00
      vertex 3.062100e+00 5.103480e+00 4.082820e+00
    endloop
  endfacet
  facet normal 5.116263e-01 -6.075519e-01 -6.075519e-01
    outer loop
      vertex 1.984697e+00 4.139503e+00 4.139503e+00
      vertex 3.062100e+00 5.103480e+00 4.082820e+00
      vertex 3.062100e+00 4.082820e+00 5.103480e+00
    endloop
  endfacet
  facet normal 3.621627e-01 -8.148076e-01 -4.526884e-01
    outer loop
      vertex 1.984697e+00 4.139503e+00 4.139503e+00
      vertex 3.062100e+00 4.082820e+00 5.103480e+00
      vertex 2.551770e+00 3.572430e+00 5.613870e+00
    endloop
  endfacet
  facet normal 8.148076e-01 -3.621627e-01 -4.526884e-01
    outer loop
      vertex 1.984697e+00 4.139503e+00 4.139503e+00
      vertex 2.551770e+00 3.572430e+00 5.613870e+00
      vertex 2.041380e+00 3.062100e+00 5.103480e+00
    endloop
  endfacet
  facet normal 6.075519e-01 -5.116263e-01 -6.075519e-01
    outer loop
      vertex 1.984697e+00 4.139503e+00 4.139503e+00
      vertex 2.041380e+00 3.062100e+00 5.103480e+00
      vertex 1.020720e+00 3.062100e+00 4.082820e+00
    endloop
  endfacet
  facet normal -3.621627e-01 4.526884e-01 -8.148076e-01
    outer loop
      vertex 4.139503e+00 1.984697e+00 4.139503e+00
      vertex 3.572430e+00 5.103296e-01 3.572430e+00
      vertex 3.062100e+00 1.020720e+00 4.082820e+00
    endloop
  endfacet
  facet normal -5.116263e-01 6.075519e-01 -6.075519e-01
    outer loop
      vertex 4.139503e+00 1.984697e+00 4.139503e+00
      vertex 3.062100e+00 1.020720e+00 4.082820e+00
      vertex 3.062100e+00 2.041380e+00 5.103480e+00
    endloop
  endfacet
  facet normal -3.621627e-01 8.148076e-01 -4.526884e-01
    outer loop
      vertex 4.139503e+00 1.984697e+00 4.139503e+00
      vertex 3.062100e+00 2.041380e+00 5.103480e+00
      vertex 3.572430e+00 2.551770e+00 5.613870e+00
    endloop
  endfacet
  facet normal -8.148076e-01 3.621627e-01 -4.526884e-01
    outer loop
      vertex 4.139503e+00 1.984697e+00 4.139503e+00
      vertex 3.572430e+00 2.551770e+00 5.613870e+00
      vertex 4.082820e+00 3.062100e+00 5.103480e+00
    endloop
  endfacet
  facet normal -6.075519e-01 5.116263e-01 -6.075519e-01
    outer loop
      vertex 4.139503e+00 1.984697e+00 4.139503e+00
      vertex 4.082820e+00 3.062100e+00 5.103480e+00
      vertex 5.103480e+00 3.062100e+00 4.082820e+00
    endloop
  endfacet
  facet normal -4.526884e-01 3.621627e-01 -8.148076e-01
    outer loop
      vertex 4.139503e+00 1.984697e+00 4.139503e+00
      vertex 5.103480e+00 3.062100e+00 4.082820e+00
      vertex 5.613870e+00 2.551770e+00 3.572430e+00
    endloop
  endfacet
  facet normal -4.526884e-01 8.148076e-01 -3.621627e-01
    outer loop
      vertex 4.139503e+00 1.984697e+00 4.139503e+00
      vertex 5.613870e+00 2.551770e+00 3.572430e+00
      vertex 5.103480e+00 2.041380e+00 3.062100e+00
    endloop
  endfacet
  facet normal -6.075519e-01 6.075519e-01 -5.116263e-01
    outer loop
      vertex 4.139503e+00 1.984697e+00 4.139503e+00
      vertex 5.103480e+00 2.041380e+00 3.062100e+00
      vertex 4.082820e+00 1.020720e+00 3.062100e+00
    endloop
  endfacet
  facet normal -8.148076e-01 4.526884e-01 -3.621627e-01
    outer loop
      vertex 4.139503e+00 1.984697e+00 4.139503e+00
      vertex 4.082820e+00 1.020720e+00 3.062100e+00
      vertex 3.572430e+00 5.103296e-01 3.572430e+00
    endloop
  endfacet
  facet normal -3.621627e-01 -8.148076e-01 4.526884e-01
    outer loop
      vertex 4.139503e+00 4.139503e+00 1.984697e+00
      vertex 3.062100e+00 4.082820e+00 1.020720e+00
      vertex 3.572430e+00 3.572430e+00 5.103296e-01
    endloop
  endfacet
  facet normal -8.148076e-01 -3.621627e-01 4.526884e-01
    outer loop
      vertex 4.139503e+00 4.139503e+00 1.984697e+00
      vertex 3.572430e+00 3.572430e+00 5.103296e-01
      vertex 4.082820e+00 3.062100e+00 1.020720e+00
    endloop
  endfacet
  facet normal -6.075519e-01 -5.116263e-01 6.075519e-01
    outer loop
      vertex 4.139503e+00 4.139503e+00 1.984697e+00
      vertex 4.082820e+00 3.062100e+00 1.020720e+00
      vertex 5.103480e+00 3.062100e+00 2.041380e+00
    endloop
  endfacet
  facet normal -4.526884e-01 -3.621627e-01 8.148076e-01
    outer loop
      vertex 4.139503e+00 4.139503e+00 1.984697e+00
      vertex 5.103480e+00 3.062100e+00 2.041380e+00
      vertex 5.613870e+00 3.572430e+00 2.551770e+00
    endloop
  endfacet
  facet normal -4.526884e-01 -8.148076e-01 3.621627e-01
    outer loop
      vertex 4.139503e+00 4.139503e+00 1.984697e+00
      vertex 5.613870e+00 3.572430e+00 2.551770e+00
      vertex 5.103480e+00 4.082820e+00 3.062100e+00
    endloop
  endfacet
  facet normal -6.075519e-01 -6.075519e-01 5.116263e-01
    outer loop
      vertex 4.139503e+00 4.139503e+00 1.984697e+00
      vertex 5.103480e+00 4.082820e+00 3.062100e+00
      vertex 4.082820e+00 5.103480e+00 3.062100e+00
    endloop
  endfacet
  facet normal -8.148076e-01 -4.526884e-01 3.621627e-01
    outer loop
      vertex 4.139503e+00 4.139503e+00 1.984697e+00
      vertex 4.082820e+00 5.103480e+00 3.062100e+00
      vertex 3.572430e+00 5.613870e+00 2.551770e+00
    endloop
  endfacet
  facet normal -3.621627e-01 -4.526884e-01 8.148076e-01
    outer loop
      vertex 4.139503e+00 4.139503e+00 1.984697e+00
      vertex 3.572430e+00 5.613870e+00 2.551770e+00
      vertex 3.062100e+00 5.103480e+00 2.041380e+00
    endloop
  endfacet
  facet normal -5.116263e-01 -6.075519e-01 6.075519e-01
    outer loop
      vertex 4.139503e+00 4.139503e+00 1.984697e+00
      vertex 3.062100e+00 5.103480e+00 2.041380e+00
      vertex 3.062100e+00 4.082820e+00 1.020720e+00
    endloop
  endfacet
  facet normal 8.017597e-01 5.345546e-01 -2.672693e-01
    outer loop
      vertex 2.381640e+00 3.062100e+00 6.124200e+00
      vertex 2.551770e+00 2.551770e+00 5.613870e+00
      vertex 2.041380e+00 3.062100e+00 5.103480e+00
    endloop
  endfacet
  facet normal 8.017597e-01 -5.345546e-01 -2.672693e-01
    outer loop
      vertex 2.381640e+00 3.062100e+00 6.124200e+00
      vertex 2.041380e+00 3.062100e+00 5.103480e+00
      vertex 2.551770e+00 3.572430e+00 5.613870e+00
    endloop
  endfacet
  facet normal 9.486719e-01 -3.162619e-01 0.000000e+00
    outer loop
      vertex 2.381640e+00 3.062100e+00 6.124200e+00
      vertex 2.551770e+00 3.572430e+00 5.613870e+00
      vertex 2.551770e+00 3.572430e+00 6.634530e+00
    endloop
  endfacet
  facet normal 8.017597e-01 -5.345546e-01 2.672693e-01
    outer loop
      vertex 2.381640e+00 3.062100e+00 6.124200e+00
      vertex 2.551770e+00 3.572430e+00 6.634530e+00
      vertex 2.041380e+00 3.062100e+00 7.144920e+00
    endloop
  endfacet
  facet normal 8.017597e-01 5.345546e-01 2.672693e-01
    outer loop
      vertex 2.381640e+00 3.062100e+00 6.124200e+00
      vertex 2.041380e+00 3.062100e+00 7.144920e+00
      vertex 2.551770e+00 2.551770e+00 6.634530e+00
    endloop
  endfacet
  facet normal 9.486719e-01 3.162619e-01 0.000000e+00
    outer loop
      vertex 2.381640e+00 3.062100e+00 6.124200e+00
      vertex 2.551770e+00 2.551770e+00 6.634530e+00
      vertex 2.551770e+00 2.551770e+00 5.613870e+00
    endloop
  endfacet
  facet normal 5.345546e-01 8.017597e-01 -2.672693e-01
    outer loop
      vertex 3.062100e+00 2.381640e+00 6.124200e+00
      vertex 3.062100e+00 2.041380e+00 5.103480e+00
      vertex 2.551770e+00 2.551770e+00 5.613870e+00
    endloop
  endfacet
  facet normal 3.162619e-01 9.486719e-01 0.000000e+00
    outer loop
      vertex 3.062100e+00 2.381640e+00 6.124200e+00
      vertex 2.551770e+00 2.551770e+00 5.613870e+00
      vertex 2.551770e+00 2.551770e+00 6.634530e+00
    endloop
  endfacet
  facet normal 5.345546e-01 8.017597e-01 2.672693e-01
    outer loop
      vertex 3.062100e+00 2.381640e+00 6.124200e+00
      vertex 2.551770e+00 2.551770e+00 6.634530e+00
      vertex 3.062100e+00 2.041380e+00 7.144920e+00
    endloop
  endfacet
  facet normal -5.345546e-01 8.017597e-01 2.672693e-01
    outer loop
      vertex 3.062100e+00 2.381640e+00 6.124200e+00
      vertex 3.062100e+00 2.041380e+00 7.144920e+00
      vertex 3.572430e+00 2.551770e+00 6.634530e+00
    endloop
  endfacet
  facet normal -3.162619e-01 9.486719e-01 0.000000e+00
    outer loop
      vertex 3.062100e+00 2.381640e+00 6.124200e+00
      vertex 3.572430e+00 2.551770e+00 6.634530e+00
      vertex 3.572430e+00 2.551770e+00 5.613870e+00
    endloop
  endfacet
  facet normal -5.345546e-01 8.017597e-01 -2.672693e-01
    outer loop
      vertex 3.062100e+00 2.381640e+00 6.124200e+00
      vertex 3.572430e+00 2.551770e+00 5.613870e+00
      vertex 3.062100e+00 2.041380e+00 5.103480e+00
    endloop
  endfacet
  facet normal 8.017597e-01 -2.672693e-01 5.345546e-01
    outer loop
      vertex 2.381640e+00 6.124200e+00 3.062100e+00
      vertex 2.041380e+00 5.103480e+00 3.062100e+00
      vertex 2.551770e+00 5.613870e+00 2.551770e+00
    endloop
  endfacet
  facet normal 9.486719e-01 0.000000e+00 3.162619e-01
    outer loop
      vertex 2.381640e+00 6.124200e+00 3.062100e+00
      vertex 2.551770e+00 5.613870e+00 2.551770e+00
      vertex 2.551770e+00 6.634530e+00 2.551770e+00
    endloop
  endfacet
  facet normal 8.017597e-01 2.672693e-01 5.345546e-01
    outer loop
      vertex 2.381640e+00 6.124200e+00 3.062100e+00
      vertex 2.551770e+00 6.634530e+00 2.551770e+00
      vertex 2.041380e+00 7.144920e+00 3.062100e+00
    endloop
  endfacet
  facet normal 8.017597e-01 2.672693e-01 -5.345546e-01
    outer loop
      vertex 2.381640e+00 6.124200e+00 3.062100e+00
      vertex 2.041380e+00 7.144920e+00 3.062100e+00
      vertex 2.551770e+00 6.634530e+00 3.572430e+00
    endloop
  endfacet
  facet normal 9.486719e-01 0.000000e+00 -3.162619e-01
    outer loop
      vertex 2.381640e+00 6.124200e+00 3.062100e+00
      vertex 2.551770e+00 6.634530e+00 3.572430e+00
      vertex 2.551770e+00 5.613870e+00 3.572430e+00
    endloop
  endfacet
  facet normal 8.017597e-01 -2.672693e-01 -5.345546e-01
    outer loop
      vertex 2.381640e+00 6.124200e+00 3.062100e+00
      vertex 2.551770e+00 5.613870e+00 3.572430e+00
      vertex 2.041380e+00 5.103480e+00 3.062100e+00
    endloop
  endfacet
  facet normal 5.345546e-01 -2.672693e-01 8.017597e-01
    outer loop
      vertex 3.062100e+00 6.124200e+00 2.381640e+00
      vertex 2.551770e+00 5.613870e+00 2.551770e+00
      vertex 3.062100e+00 5.103480e+00 2.041380e+00
    endloop
  endfacet
  facet normal -5.345546e-01 -2.672693e-01 8.017597e-01
    outer loop
      vertex 3.062100e+00 6.124200e+00 2.381640e+00
      vertex 3.062100e+00 5.103480e+00 2.041380e+00
      vertex 3.572430e+00 5.613870e+00 2.551770e+00
    endloop
  endfacet
  facet normal -3.162619e-01 0.000000e+00 9.486719e-01
    outer loop
      vertex 3.062100e+00 6.124200e+00 2.381640e+00
      vertex 3.572430e+00 5.613870e+00 2.551770e+00
      vertex 3.572430e+00 6.634530e+00 2.551770e+00
    endloop
  endfacet
  facet normal -5.345546e-01 2.672693e-01 8.017597e-01
    outer loop
      vertex 3.062100e+00 6.124200e+00 2.381640e+00
      vertex 3.572430e+00 6.634530e+00 2.551770e+00
      vertex 3.062100e+00 7.144920e+00 2.041380e+00
    endloop
  endfacet
  facet normal 5.345546e-01 2.672693e-01 8.017597e-01
    outer loop
      vertex 3.062100e+00 6.124200e+00 2.381640e+00
      vertex 3.062100e+00 7.144920e+00 2.041380e+00
      vertex 2.551770e+00 6.634530e+00 2.551770e+00
    endloop
  endfacet
  facet normal 3.162619e-01 0.000000e+00 9.486719e-01
    outer loop
      vertex 3.062100e+00 6.124200e+00 2.381640e+00
      vertex 2.551770e+00 6.634530e+00 2.551770e+00
      vertex 2.551770e+00 5.613870e+00 2.551770e+00
    endloop
  endfacet
  facet normal -2.672693e-01 8.017597e-01 5.345546e-01
    outer loop
      vertex 6.124200e+00 2.381640e+00 3.062100e+00
      vertex 5.613870e+00 2.551770e+00 2.551770e+00
      vertex 5.103480e+00 2.041380e+00 3.062100e+00
    endloop
  endfacet
